epoch,variable,value
1,momentum 0,0.643877551020408
2,momentum 0,0.3162
3,momentum 0,0.2078
4,momentum 0,0.1698
5,momentum 0,0.1436
6,momentum 0,0.1258
7,momentum 0,0.1134
8,momentum 0,0.1046
9,momentum 0,0.0973999999999995
10,momentum 0,0.0913999999999998
11,momentum 0,0.0858000000000001
12,momentum 0,0.08
13,momentum 0,0.0767999999999998
14,momentum 0,0.0736
15,momentum 0,0.0686000000000003
16,momentum 0,0.0654
17,momentum 0,0.0628000000000002
18,momentum 0,0.0592000000000003
19,momentum 0,0.0570000000000001
20,momentum 0,0.055
21,momentum 0,0.0536000000000001
22,momentum 0,0.0505999999999999
23,momentum 0,0.0478000000000001
24,momentum 0,0.0458
25,momentum 0,0.0444000000000001
26,momentum 0,0.0420000000000003
27,momentum 0,0.0404000000000003
28,momentum 0,0.0368000000000005
29,momentum 0,0.0346000000000004
30,momentum 0,0.0324000000000002
31,momentum 0,0.0306000000000003
32,momentum 0,0.0290000000000002
33,momentum 0,0.0276000000000002
34,momentum 0,0.0266000000000001
35,momentum 0,0.0252000000000001
36,momentum 0,0.0243999999999999
37,momentum 0,0.0236
38,momentum 0,0.0224000000000001
39,momentum 0,0.0216000000000001
40,momentum 0,0.0202000000000004
41,momentum 0,0.0186000000000006
42,momentum 0,0.0178000000000006
43,momentum 0,0.0166000000000005
44,momentum 0,0.0144000000000004
45,momentum 0,0.0136000000000004
46,momentum 0,0.0130000000000003
47,momentum 0,0.0124000000000005
48,momentum 0,0.0110000000000002
49,momentum 0,0.00980000000000014
50,momentum 0,0.00960000000000027
51,momentum 0,0.00920000000000021
52,momentum 0,0.00860000000000027
53,momentum 0,0.00800000000000012
54,momentum 0,0.00739999999999996
55,momentum 0,0.00719999999999987
56,momentum 0,0.00639999999999985
57,momentum 0,0.00559999999999983
58,momentum 0,0.00519999999999987
59,momentum 0,0.00499999999999989
60,momentum 0,0.00419999999999987
61,momentum 0,0.0037999999999998
62,momentum 0,0.00339999999999985
63,momentum 0,0.00339999999999985
64,momentum 0,0.00319999999999998
65,momentum 0,0.003
66,momentum 0,0.00259999999999994
67,momentum 0,0.00259999999999994
68,momentum 0,0.00219999999999998
69,momentum 0,0.00219999999999998
70,momentum 0,0.00199999999999989
71,momentum 0,0.00159999999999993
72,momentum 0,0.00159999999999993
73,momentum 0,0.00159999999999993
74,momentum 0,0.00139999999999996
75,momentum 0,0.00139999999999996
76,momentum 0,0.00139999999999996
77,momentum 0,0.00139999999999996
78,momentum 0,0.00139999999999996
79,momentum 0,0.00139999999999996
80,momentum 0,0.00139999999999996
81,momentum 0,0.00139999999999996
82,momentum 0,0.00139999999999996
83,momentum 0,0.00139999999999996
84,momentum 0,0.00139999999999996
85,momentum 0,0.00119999999999987
86,momentum 0,0.00119999999999987
87,momentum 0,0.00099999999999989
88,momentum 0,0.000599999999999934
89,momentum 0,0.000599999999999934
90,momentum 0,0.000599999999999934
91,momentum 0,0.000399999999999956
92,momentum 0,0.000399999999999956
93,momentum 0,0.000399999999999956
94,momentum 0,0.000199999999999978
95,momentum 0,0.000199999999999978
96,momentum 0,0.000199999999999978
97,momentum 0,0.000199999999999978
98,momentum 0,0.000199999999999978
99,momentum 0,0.000199999999999978
100,momentum 0,0.000199999999999978
1,momentum 0.5,0.52265306122449
2,momentum 0.5,0.2062
3,momentum 0.5,0.1468
4,momentum 0.5,0.1172
5,momentum 0.5,0.1022
6,momentum 0.5,0.0886000000000001
7,momentum 0.5,0.0801999999999999
8,momentum 0.5,0.0736000000000001
9,momentum 0.5,0.0668000000000001
10,momentum 0.5,0.0609999999999999
11,momentum 0.5,0.0549999999999997
12,momentum 0.5,0.0513999999999999
13,momentum 0.5,0.0467999999999997
14,momentum 0.5,0.04
15,momentum 0.5,0.0362000000000002
16,momentum 0.5,0.0330000000000003
17,momentum 0.5,0.0298000000000003
18,momentum 0.5,0.0274000000000002
19,momentum 0.5,0.0256000000000001
20,momentum 0.5,0.0224000000000004
21,momentum 0.5,0.0200000000000005
22,momentum 0.5,0.0190000000000005
23,momentum 0.5,0.0154000000000006
24,momentum 0.5,0.0142000000000005
25,momentum 0.5,0.0124000000000005
26,momentum 0.5,0.0108000000000004
27,momentum 0.5,0.00980000000000036
28,momentum 0.5,0.00760000000000016
29,momentum 0.5,0.00719999999999998
30,momentum 0.5,0.00580000000000003
31,momentum 0.5,0.00479999999999992
32,momentum 0.5,0.00399999999999989
33,momentum 0.5,0.00379999999999991
34,momentum 0.5,0.00359999999999983
35,momentum 0.5,0.00259999999999971
36,momentum 0.5,0.00219999999999987
37,momentum 0.5,0.00199999999999989
38,momentum 0.5,0.00159999999999993
39,momentum 0.5,0.00159999999999993
40,momentum 0.5,0.00159999999999993
41,momentum 0.5,0.00159999999999993
42,momentum 0.5,0.00139999999999996
43,momentum 0.5,0.00120000000000009
44,momentum 0.5,0.00099999999999989
45,momentum 0.5,0.000799999999999801
46,momentum 0.5,0.000799999999999801
47,momentum 0.5,0.000599999999999934
48,momentum 0.5,0.000399999999999956
49,momentum 0.5,0.000199999999999978
50,momentum 0.5,0.000199999999999978
51,momentum 0.5,0.000199999999999978
52,momentum 0.5,0.000199999999999978
53,momentum 0.5,0.000199999999999978
54,momentum 0.5,0.000199999999999978
55,momentum 0.5,0.000199999999999978
56,momentum 0.5,0
57,momentum 0.5,0
58,momentum 0.5,0
59,momentum 0.5,0
60,momentum 0.5,0
61,momentum 0.5,0
62,momentum 0.5,0
63,momentum 0.5,0
64,momentum 0.5,0
65,momentum 0.5,0
66,momentum 0.5,0
67,momentum 0.5,0
68,momentum 0.5,0
69,momentum 0.5,0
70,momentum 0.5,0
71,momentum 0.5,0
72,momentum 0.5,0
73,momentum 0.5,0
74,momentum 0.5,0
75,momentum 0.5,0
76,momentum 0.5,0
77,momentum 0.5,0
78,momentum 0.5,0
79,momentum 0.5,0
80,momentum 0.5,0
81,momentum 0.5,0
82,momentum 0.5,0
83,momentum 0.5,0
84,momentum 0.5,0
85,momentum 0.5,0
86,momentum 0.5,0
87,momentum 0.5,0
88,momentum 0.5,0
89,momentum 0.5,0
90,momentum 0.5,0
91,momentum 0.5,0
92,momentum 0.5,0
93,momentum 0.5,0
94,momentum 0.5,0
95,momentum 0.5,0
96,momentum 0.5,0
97,momentum 0.5,0
98,momentum 0.5,0
99,momentum 0.5,0
100,momentum 0.5,0
1,momentum 0.9,0.4
2,momentum 0.9,0.1224
3,momentum 0.9,0.0810000000000001
4,momentum 0.9,0.0589999999999999
5,momentum 0.9,0.0398000000000002
6,momentum 0.9,0.0330000000000001
7,momentum 0.9,0.0264000000000004
8,momentum 0.9,0.0279999999999998
9,momentum 0.9,0.0212000000000002
10,momentum 0.9,0.0188000000000001
11,momentum 0.9,0.0142000000000002
12,momentum 0.9,0.00980000000000003
13,momentum 0.9,0.003
14,momentum 0.9,0.00159999999999993
15,momentum 0.9,0.000400000000000067
16,momentum 0.9,0
17,momentum 0.9,0.000199999999999978
18,momentum 0.9,0
19,momentum 0.9,0
20,momentum 0.9,0
21,momentum 0.9,0
22,momentum 0.9,0
23,momentum 0.9,0
24,momentum 0.9,0
25,momentum 0.9,0
26,momentum 0.9,0
27,momentum 0.9,0
28,momentum 0.9,0
29,momentum 0.9,0
30,momentum 0.9,0
31,momentum 0.9,0
32,momentum 0.9,0
33,momentum 0.9,0
34,momentum 0.9,0
35,momentum 0.9,0
36,momentum 0.9,0
37,momentum 0.9,0
38,momentum 0.9,0
39,momentum 0.9,0
40,momentum 0.9,0
41,momentum 0.9,0
42,momentum 0.9,0
43,momentum 0.9,0
44,momentum 0.9,0
45,momentum 0.9,0
46,momentum 0.9,0
47,momentum 0.9,0
48,momentum 0.9,0
49,momentum 0.9,0
50,momentum 0.9,0
51,momentum 0.9,0
52,momentum 0.9,0
53,momentum 0.9,0
54,momentum 0.9,0
55,momentum 0.9,0
56,momentum 0.9,0
57,momentum 0.9,0
58,momentum 0.9,0
59,momentum 0.9,0
60,momentum 0.9,0
61,momentum 0.9,0
62,momentum 0.9,0
63,momentum 0.9,0
64,momentum 0.9,0
65,momentum 0.9,0
66,momentum 0.9,0
67,momentum 0.9,0
68,momentum 0.9,0
69,momentum 0.9,0
70,momentum 0.9,0
71,momentum 0.9,0
72,momentum 0.9,0
73,momentum 0.9,0
74,momentum 0.9,0
75,momentum 0.9,0
76,momentum 0.9,0
77,momentum 0.9,0
78,momentum 0.9,0
79,momentum 0.9,0
80,momentum 0.9,0
81,momentum 0.9,0
82,momentum 0.9,0
83,momentum 0.9,0
84,momentum 0.9,0
85,momentum 0.9,0
86,momentum 0.9,0
87,momentum 0.9,0
88,momentum 0.9,0
89,momentum 0.9,0
90,momentum 0.9,0
91,momentum 0.9,0
92,momentum 0.9,0
93,momentum 0.9,0
94,momentum 0.9,0
95,momentum 0.9,0
96,momentum 0.9,0
97,momentum 0.9,0
98,momentum 0.9,0
99,momentum 0.9,0
100,momentum 0.9,0
1,momentum 0.99,0.419387755102041
2,momentum 0.99,0.16
3,momentum 0.99,0.0982000000000001
4,momentum 0.99,0.0728000000000003
5,momentum 0.99,0.0680000000000001
6,momentum 0.99,0.0648000000000003
7,momentum 0.99,0.0440000000000002
8,momentum 0.99,0.0412000000000003
9,momentum 0.99,0.0356000000000001
10,momentum 0.99,0.0348000000000002
11,momentum 0.99,0.0350000000000001
12,momentum 0.99,0.0506
13,momentum 0.99,0.0472000000000002
14,momentum 0.99,0.0466
15,momentum 0.99,0.0522
16,momentum 0.99,0.0475999999999999
17,momentum 0.99,0.0487999999999998
18,momentum 0.99,0.0489999999999998
19,momentum 0.99,0.0543999999999998
20,momentum 0.99,0.052
21,momentum 0.99,0.0418000000000001
22,momentum 0.99,0.0502000000000001
23,momentum 0.99,0.0507999999999998
24,momentum 0.99,0.0610000000000003
25,momentum 0.99,0.054
26,momentum 0.99,0.0402000000000002
27,momentum 0.99,0.0341999999999999
28,momentum 0.99,0.0324000000000007
29,momentum 0.99,0.0378000000000002
30,momentum 0.99,0.0406
31,momentum 0.99,0.0530000000000004
32,momentum 0.99,0.0398000000000002
33,momentum 0.99,0.0394000000000001
34,momentum 0.99,0.0481999999999998
35,momentum 0.99,0.0375999999999999
36,momentum 0.99,0.0397999999999999
37,momentum 0.99,0.0356000000000001
38,momentum 0.99,0.0396000000000002
39,momentum 0.99,0.0477999999999997
40,momentum 0.99,0.045
41,momentum 0.99,0.0372000000000001
42,momentum 0.99,0.0449999999999998
43,momentum 0.99,0.0434000000000003
44,momentum 0.99,0.0404000000000002
45,momentum 0.99,0.0346
46,momentum 0.99,0.0486
47,momentum 0.99,0.0569999999999999
48,momentum 0.99,0.0572
49,momentum 0.99,0.0671999999999997
50,momentum 0.99,0.0626000000000001
51,momentum 0.99,0.0529999999999999
52,momentum 0.99,0.0452000000000001
53,momentum 0.99,0.0394000000000004
54,momentum 0.99,0.045
55,momentum 0.99,0.0498000000000002
56,momentum 0.99,0.0396000000000004
57,momentum 0.99,0.0476000000000001
58,momentum 0.99,0.0416000000000001
59,momentum 0.99,0.0501999999999996
60,momentum 0.99,0.0478000000000001
61,momentum 0.99,0.0540000000000002
62,momentum 0.99,0.0468000000000004
63,momentum 0.99,0.0417999999999999
64,momentum 0.99,0.0442000000000001
65,momentum 0.99,0.0329999999999997
66,momentum 0.99,0.0384000000000003
67,momentum 0.99,0.0396000000000004
68,momentum 0.99,0.0480000000000002
69,momentum 0.99,0.0458
70,momentum 0.99,0.0591999999999999
71,momentum 0.99,0.0496
72,momentum 0.99,0.0478000000000001
73,momentum 0.99,0.0512
74,momentum 0.99,0.0578000000000002
75,momentum 0.99,0.0667999999999997
76,momentum 0.99,0.0572000000000003
77,momentum 0.99,0.0519999999999997
78,momentum 0.99,0.0602000000000003
79,momentum 0.99,0.0630000000000002
80,momentum 0.99,0.0661999999999999
81,momentum 0.99,0.0664
82,momentum 0.99,0.0616000000000001
83,momentum 0.99,0.0544
84,momentum 0.99,0.0460000000000003
85,momentum 0.99,0.0484000000000002
86,momentum 0.99,0.0562000000000001
87,momentum 0.99,0.0553999999999998
88,momentum 0.99,0.0480000000000002
89,momentum 0.99,0.0604
90,momentum 0.99,0.0533999999999998
91,momentum 0.99,0.042
92,momentum 0.99,0.0559999999999999
93,momentum 0.99,0.0592000000000001
94,momentum 0.99,0.0596000000000002
95,momentum 0.99,0.0636000000000003
96,momentum 0.99,0.0524000000000001
97,momentum 0.99,0.0603999999999999
98,momentum 0.99,0.0613999999999997
99,momentum 0.99,0.0727999999999999
100,momentum 0.99,0.0641999999999999
