epoch,(0;0),(0;0.1),(0;0.2),(0;0.3),(0;0.4),(0;0.5),(0.2;0),(0.2;0.1),(0.2;0.2),(0.2;0.3),(0.2;0.4),(0.2;0.5),(0.4;0),(0.4;0.1),(0.4;0.2),(0.4;0.3),(0.4;0.4),(0.4;0.5),(0.6;0),(0.6;0.1),(0.6;0.2),(0.6;0.3),(0.6;0.4),(0.6;0.5)
1,0.400204081632653,0.436530612244898,0.476530612244898,0.525714285714286,0.582857142857143,0.634897959183674,0.444285714285714,0.482040816326531,0.515918367346939,0.563061224489796,0.623877551020408,0.672857142857143,0.487551020408163,0.526326530612245,0.565714285714286,0.610816326530612,0.659591836734694,0.709183673469388,0.545510204081633,0.580612244897959,0.622857142857143,0.662857142857143,0.717959183673469,0.760612244897959
2,0.1218,0.136,0.1498,0.1706,0.2088,0.2652,0.1438,0.167,0.176,0.1994,0.2444,0.3038,0.1876,0.2062,0.2302,0.2546,0.2918,0.3572,0.2474,0.2656,0.2958,0.3266,0.3742,0.447
3,0.0795999999999999,0.0877999999999999,0.102,0.1202,0.1364,0.163,0.1,0.1142,0.1304,0.147,0.1718,0.2012,0.1408,0.1506,0.1666,0.1798,0.2156,0.253,0.187,0.205,0.2232,0.2516,0.2868,0.3306
4,0.0566000000000004,0.0644,0.0727999999999995,0.0886000000000001,0.1058,0.1286,0.0790000000000003,0.0910000000000001,0.1044,0.1182,0.137,0.166,0.1132,0.1262,0.138,0.1558,0.1748,0.2126,0.1582,0.18,0.2006,0.2204,0.2418,0.2884
5,0.0394,0.0485999999999998,0.0599999999999998,0.074,0.0871999999999999,0.1094,0.0651999999999998,0.0749999999999998,0.0858000000000001,0.0958,0.1136,0.1374,0.0886000000000002,0.1046,0.1196,0.13,0.1506,0.1756,0.1492,0.1642,0.1744,0.1956,0.2178,0.2444
6,0.0332000000000003,0.0394000000000001,0.0484000000000002,0.0595999999999998,0.0718,0.0896000000000005,0.0610000000000003,0.0701999999999999,0.0789999999999997,0.0868000000000003,0.0974,0.119,0.0848,0.0972000000000002,0.1082,0.1232,0.136,0.1658,0.1372,0.1476,0.166,0.1786,0.1978,0.2284
7,0.0264000000000004,0.0314000000000003,0.0379999999999999,0.0471999999999998,0.0599999999999998,0.0848,0.0479999999999998,0.0563999999999999,0.0642,0.0721999999999998,0.0920000000000002,0.1122,0.0790000000000001,0.0870000000000001,0.0918000000000002,0.1078,0.129,0.1492,0.1248,0.139,0.1568,0.166,0.1948,0.2238
8,0.0250000000000001,0.0270000000000004,0.0319999999999999,0.0406000000000003,0.0529999999999999,0.0770000000000001,0.0449999999999998,0.0524000000000001,0.0619999999999997,0.0638000000000002,0.0828000000000003,0.1024,0.0736,0.0768,0.0858,0.0974,0.118400000000001,0.1432,0.117,0.1326,0.1402,0.1552,0.1702,0.1974
9,0.0207999999999998,0.0204000000000003,0.0264000000000002,0.0331999999999998,0.0427999999999998,0.0672000000000001,0.0364000000000001,0.0420000000000003,0.0487999999999998,0.0568,0.0739999999999997,0.0886,0.0607999999999999,0.0644,0.0802000000000004,0.0846000000000001,0.1064,0.123,0.1056,0.1176,0.1282,0.1468,0.1616,0.1798
10,0.0165999999999999,0.0148000000000004,0.0234000000000006,0.0282000000000001,0.0465999999999999,0.0620000000000002,0.0266000000000006,0.0356000000000001,0.0440000000000002,0.0519999999999999,0.0675999999999998,0.0888000000000002,0.0534,0.0647999999999999,0.0718000000000003,0.0857999999999995,0.1076,0.1224,0.0995999999999999,0.1086,0.1188,0.1362,0.1578,0.1834
11,0.0113999999999999,0.0109999999999998,0.014,0.0256000000000002,0.0438000000000003,0.0556,0.0268,0.0335999999999999,0.0429999999999998,0.0532,0.0695999999999999,0.0870000000000002,0.0489999999999996,0.0602000000000001,0.0722000000000003,0.0815999999999998,0.0984000000000002,0.1184,0.0916000000000001,0.0984000000000003,0.1178,0.1264,0.1436,0.171
12,0.00260000000000005,0.00840000000000019,0.0128000000000003,0.0212000000000003,0.0332000000000001,0.0442,0.0302000000000003,0.0306000000000002,0.0376000000000002,0.0450000000000003,0.0613999999999999,0.0780000000000001,0.0526000000000002,0.0549999999999997,0.0652000000000001,0.0801999999999997,0.0934,0.1148,0.0966000000000001,0.1002,0.1106,0.132,0.1526,0.1714
13,0.000799999999999801,0.00719999999999998,0.0100000000000001,0.0178000000000003,0.0284000000000002,0.0452000000000001,0.0226000000000005,0.0292000000000003,0.0322000000000001,0.0421999999999998,0.0574000000000002,0.0682,0.0453999999999998,0.0534,0.0618000000000001,0.0714000000000006,0.0833999999999997,0.0998,0.0880000000000003,0.0969999999999998,0.1062,0.1182,0.1352,0.157
14,0.000599999999999934,0.00419999999999998,0.00960000000000005,0.0170000000000001,0.0286000000000002,0.0422000000000001,0.0198000000000002,0.0212000000000002,0.0331999999999999,0.0443999999999999,0.0496000000000001,0.0655999999999999,0.0442,0.0482000000000002,0.0557999999999998,0.0680000000000004,0.088,0.1022,0.0802000000000003,0.0930000000000001,0.105,0.1222,0.134,0.156
15,0.000199999999999978,0.00399999999999989,0.00980000000000003,0.0162000000000002,0.0244000000000003,0.0382000000000001,0.0178000000000005,0.0200000000000002,0.0288,0.0382000000000005,0.046,0.0672000000000001,0.0426000000000002,0.0516,0.0574000000000002,0.0661999999999999,0.0853999999999999,0.0993999999999998,0.0758000000000001,0.0876000000000003,0.1028,0.1146,0.1394,0.163
16,0.000600000000000045,0.00159999999999993,0.00780000000000003,0.0114000000000004,0.0216000000000004,0.0372000000000001,0.0146000000000002,0.0194000000000001,0.0230000000000001,0.0328000000000002,0.0511999999999999,0.0630000000000002,0.0424,0.0444000000000001,0.0489999999999999,0.0632000000000003,0.0735999999999997,0.0894000000000001,0.0748000000000003,0.081,0.0920000000000002,0.1078,0.1266,0.141
17,0.000600000000000045,0.00240000000000007,0.00500000000000012,0.0122000000000003,0.0182000000000003,0.0382000000000003,0.0129999999999998,0.0177999999999998,0.0254000000000003,0.0364000000000003,0.0494,0.0567999999999997,0.0331999999999999,0.0404000000000004,0.0472,0.0580000000000003,0.0712,0.0893999999999998,0.0749999999999998,0.086,0.0995999999999999,0.108,0.129,0.1502
18,0.000199999999999978,0.00200000000000022,0.00580000000000014,0.0104000000000001,0.0182000000000003,0.0356000000000003,0.0108,0.0174000000000004,0.0254000000000001,0.0256000000000002,0.045,0.0519999999999999,0.0288000000000004,0.0389999999999999,0.0470000000000002,0.0547999999999998,0.0672,0.088,0.0673999999999998,0.0786,0.0842000000000001,0.1002,0.1172,0.1388
19,0,0.00139999999999996,0.00580000000000003,0.00780000000000003,0.0176000000000005,0.0302,0.0100000000000001,0.0138000000000003,0.0236000000000002,0.0292000000000003,0.0438,0.0552000000000002,0.0312,0.0366000000000001,0.0488000000000001,0.0601999999999999,0.0722,0.0858000000000003,0.0726,0.0856000000000003,0.0941999999999997,0.1056,0.1186,0.1448
20,0,0.00139999999999973,0.00419999999999987,0.0106000000000001,0.0158000000000004,0.0292,0.00800000000000001,0.0140000000000002,0.0224000000000005,0.0286000000000004,0.0414000000000001,0.0538,0.0311999999999998,0.0346,0.0432000000000001,0.0536000000000001,0.0695999999999999,0.0875999999999999,0.0630000000000002,0.0695999999999998,0.0836,0.0966000000000001,0.1168,0.1358
21,0,0.00099999999999989,0.00600000000000012,0.0069999999999999,0.0152000000000005,0.0267999999999999,0.0100000000000001,0.0142000000000003,0.0226000000000005,0.0274000000000004,0.0391999999999997,0.0496,0.0286,0.0378000000000002,0.0450000000000002,0.056,0.0688000000000001,0.0844,0.0714000000000001,0.0810000000000006,0.0915999999999998,0.1036,0.1192,0.131
22,0,0.00099999999999989,0.00280000000000002,0.00640000000000029,0.0126000000000001,0.0296000000000001,0.00919999999999999,0.0160000000000002,0.0212000000000002,0.0248000000000004,0.0352000000000002,0.0514,0.0240000000000005,0.0300000000000005,0.0409999999999999,0.0468000000000001,0.0607999999999999,0.0785999999999999,0.0616,0.0670000000000001,0.0789999999999997,0.0924,0.109,0.1258
23,0,0.000599999999999934,0.00379999999999991,0.00959999999999994,0.0136000000000002,0.0228,0.0084000000000003,0.0134000000000003,0.0178000000000003,0.0238,0.0358000000000002,0.0411999999999998,0.0258000000000002,0.0298,0.0396000000000001,0.0492000000000001,0.0574000000000001,0.0756000000000001,0.0587999999999999,0.069,0.0832000000000004,0.0941999999999998,0.112,0.1312
24,0,0.00159999999999982,0.00260000000000005,0.0072000000000001,0.0156000000000002,0.0240000000000004,0.00679999999999981,0.00980000000000003,0.0178000000000005,0.0212000000000002,0.0326000000000005,0.0434000000000002,0.0242000000000003,0.0304000000000001,0.0367999999999999,0.0454000000000002,0.0567999999999995,0.0753999999999998,0.0582000000000003,0.0606000000000002,0.0800000000000002,0.0866000000000002,0.1054,0.1272
25,0,0.000400000000000067,0.00319999999999976,0.00900000000000023,0.0144000000000001,0.0212,0.00800000000000001,0.0108000000000003,0.017,0.0216000000000005,0.0310000000000004,0.0439999999999999,0.0216,0.0313999999999999,0.0352000000000002,0.0468000000000001,0.0584,0.0716,0.0612,0.0696000000000001,0.0814,0.0922000000000002,0.1068,0.1248
26,0,0,0.00220000000000009,0.00700000000000012,0.0128000000000003,0.0216000000000001,0.00659999999999994,0.0122000000000003,0.0136000000000002,0.0160000000000001,0.0248,0.036,0.0188000000000001,0.0251999999999998,0.0330000000000001,0.0434000000000002,0.0526000000000002,0.0697999999999998,0.0504000000000001,0.0628000000000004,0.0768,0.0850000000000002,0.106,0.1262
27,0,0.000200000000000089,0.00220000000000009,0.00719999999999998,0.00760000000000005,0.0244000000000001,0.00819999999999999,0.00819999999999999,0.0138000000000001,0.0214000000000003,0.0304000000000001,0.0480000000000002,0.0184000000000003,0.0246000000000002,0.032,0.0429999999999998,0.0596,0.0706000000000002,0.0530000000000003,0.0673999999999997,0.0728000000000003,0.0869999999999997,0.0985999999999998,0.1212
28,0,0.000399999999999956,0.00480000000000003,0.0069999999999999,0.0132000000000003,0.0226000000000002,0.00600000000000034,0.0138000000000004,0.0178000000000003,0.0214000000000003,0.0342000000000001,0.0428000000000002,0.0166000000000003,0.0264000000000003,0.0335999999999999,0.0459999999999997,0.0531999999999999,0.0634000000000003,0.0511999999999998,0.0571999999999998,0.0688000000000001,0.0792000000000003,0.0969999999999999,0.1178
29,0,0.000399999999999956,0.00179999999999991,0.004,0.0110000000000001,0.0182000000000002,0.003,0.0104000000000002,0.0178000000000001,0.0165999999999998,0.0250000000000005,0.0372000000000001,0.0162000000000002,0.0234000000000002,0.0284,0.0396,0.0505999999999998,0.0628000000000003,0.0582000000000003,0.0658000000000001,0.0753999999999999,0.0854000000000003,0.0998,0.1206
30,0,0,0.0017999999999998,0.00280000000000002,0.00479999999999992,0.0176000000000002,0.00760000000000005,0.00800000000000012,0.0124000000000004,0.0174000000000004,0.0254000000000003,0.0430000000000001,0.0189999999999999,0.0226000000000002,0.0298000000000003,0.0396000000000001,0.0527999999999998,0.0640000000000001,0.0538000000000001,0.0619999999999998,0.0710000000000002,0.0830000000000001,0.0917999999999999,0.1114
31,0,0.000399999999999956,0.00219999999999987,0.00480000000000003,0.0108000000000003,0.0228000000000007,0.00519999999999987,0.0084000000000003,0.0126000000000002,0.0162000000000003,0.0256000000000002,0.0356000000000001,0.0152000000000002,0.0184000000000002,0.0292,0.0386,0.0501999999999998,0.0629999999999999,0.0525999999999998,0.0585999999999999,0.0639999999999999,0.0772000000000002,0.0913999999999998,0.108
32,0,0.000199999999999978,0.00219999999999998,0.002,0.0108,0.0172000000000003,0.00360000000000016,0.0072000000000001,0.0124000000000001,0.0137999999999999,0.0276000000000002,0.0368000000000001,0.0220000000000001,0.0200000000000002,0.0300000000000005,0.0376000000000002,0.0471999999999998,0.0619999999999998,0.0449999999999997,0.0555999999999999,0.0652000000000001,0.0785999999999999,0.0916,0.1128
33,0,0,0.00159999999999993,0.00159999999999993,0.00840000000000019,0.0134000000000002,0.00680000000000003,0.00840000000000019,0.00960000000000027,0.0148000000000004,0.0206000000000003,0.0356000000000002,0.0149999999999999,0.0209999999999999,0.0260000000000004,0.0345999999999997,0.0439999999999999,0.0646,0.044,0.0553999999999999,0.07,0.0710000000000002,0.0896000000000002,0.1056
34,0,0.000199999999999978,0.000400000000000067,0.0042000000000002,0.00799999999999967,0.0142000000000004,0.00379999999999991,0.00760000000000038,0.00980000000000014,0.0140000000000002,0.0208000000000006,0.0318000000000002,0.0176000000000003,0.0206000000000001,0.0276000000000002,0.0341999999999999,0.0472000000000001,0.0608000000000001,0.0420000000000001,0.0464,0.0626000000000001,0.0714,0.0880000000000001,0.1026
35,0,0,0.00119999999999987,0.00220000000000009,0.00639999999999996,0.0150000000000002,0.00439999999999985,0.00880000000000036,0.0114000000000003,0.0170000000000003,0.02,0.0312,0.0130000000000002,0.0172000000000001,0.0224000000000002,0.0342000000000005,0.0458000000000002,0.0571999999999998,0.0434,0.0568000000000001,0.0686,0.0782,0.0918000000000001,0.103
36,0,0,0.00120000000000009,0.00339999999999985,0.00700000000000012,0.0140000000000002,0.00340000000000007,0.00639999999999996,0.0107999999999998,0.0150000000000002,0.0232000000000003,0.0346000000000001,0.0122000000000003,0.0170000000000001,0.0261999999999998,0.0355999999999997,0.0438000000000001,0.0579999999999997,0.0475999999999999,0.0526000000000001,0.0623999999999999,0.0770000000000002,0.0870000000000003,0.1056
37,0,0,0.000399999999999956,0.00319999999999998,0.00679999999999981,0.0130000000000002,0.00519999999999998,0.00539999999999996,0.00939999999999985,0.0144,0.0200000000000002,0.0326000000000002,0.0162000000000004,0.0232000000000001,0.0270000000000001,0.0310000000000002,0.0388000000000001,0.0518000000000002,0.045,0.0553999999999999,0.0598000000000002,0.0685999999999997,0.0801999999999998,0.1026
38,0,0,0.000199999999999978,0.00140000000000018,0.00880000000000014,0.0146000000000004,0.00380000000000014,0.00440000000000007,0.00800000000000023,0.0135999999999999,0.0202000000000002,0.0322000000000005,0.0118,0.0202000000000001,0.03,0.0356000000000002,0.0429999999999999,0.0559999999999996,0.0442000000000001,0.0580000000000003,0.0645999999999998,0.0741999999999998,0.0855999999999999,0.106
39,0,0.000199999999999978,0.00140000000000018,0.00179999999999991,0.00600000000000012,0.0109999999999999,0.00239999999999996,0.005,0.00840000000000007,0.0132000000000001,0.0196000000000004,0.0312000000000002,0.0132000000000001,0.0185999999999999,0.0222000000000004,0.0296000000000002,0.0384000000000004,0.0508,0.0397999999999999,0.0491999999999999,0.0581999999999999,0.0690000000000001,0.0808000000000003,0.0940000000000002
40,0,0,0.000599999999999934,0.004,0.00739999999999996,0.0114000000000003,0.00299999999999978,0.00640000000000018,0.00800000000000001,0.0170000000000006,0.0202000000000002,0.0288000000000003,0.0148,0.0188000000000001,0.0225999999999997,0.0312000000000002,0.0422,0.0555999999999999,0.0403999999999999,0.0486000000000001,0.0596,0.0666,0.0845999999999999,0.1024
41,0,0,0.000199999999999978,0.00399999999999989,0.00519999999999998,0.0110000000000001,0.00120000000000009,0.00459999999999983,0.00740000000000007,0.0134000000000003,0.0152000000000002,0.0304000000000002,0.0128000000000003,0.0176000000000001,0.0242000000000004,0.0326000000000002,0.0408000000000003,0.0571999999999998,0.0429999999999998,0.049,0.0584,0.0699999999999997,0.0878000000000001,0.1014
42,0,0,0.000800000000000023,0.00419999999999987,0.00740000000000007,0.0156000000000001,0.00239999999999996,0.00419999999999987,0.00800000000000023,0.00940000000000007,0.0148000000000004,0.0276,0.0104000000000002,0.0174000000000001,0.0204000000000001,0.0290000000000002,0.0355999999999999,0.0501999999999998,0.0392000000000005,0.0475999999999998,0.0568000000000001,0.0677999999999999,0.0850000000000002,0.1018
43,0,0.000400000000000067,0.00139999999999985,0.00360000000000005,0.00739999999999996,0.0142,0.00159999999999993,0.00540000000000007,0.00819999999999999,0.0132000000000001,0.0182000000000001,0.0282000000000002,0.0112000000000002,0.0164,0.024,0.0288000000000003,0.0416000000000003,0.0552000000000002,0.0412,0.047,0.0547999999999997,0.0695999999999999,0.0786,0.0965999999999998
44,0,0,0.00099999999999989,0.00219999999999998,0.00580000000000014,0.0156000000000003,0.00279999999999969,0.00560000000000005,0.00900000000000023,0.00900000000000023,0.0152000000000001,0.0252,0.0128000000000003,0.0162,0.0220000000000004,0.0294000000000001,0.037,0.0486000000000001,0.0368000000000002,0.0444000000000001,0.0549999999999997,0.0641999999999999,0.0818000000000002,0.0966000000000002
45,0,0,0.000800000000000023,0.00219999999999998,0.00860000000000027,0.0132000000000002,0.00159999999999993,0.00360000000000005,0.00679999999999992,0.0106000000000005,0.0152000000000002,0.0254000000000001,0.0136000000000003,0.0172000000000003,0.0258000000000003,0.0268000000000005,0.0403999999999997,0.0496000000000001,0.0326000000000002,0.0419999999999999,0.051,0.0629999999999999,0.0766000000000001,0.0931999999999999
46,0,0,0.000800000000000023,0.003,0.00660000000000038,0.0132000000000003,0.00299999999999978,0.003,0.00920000000000032,0.00940000000000007,0.0168,0.0250000000000001,0.0126000000000004,0.0172000000000004,0.0228000000000002,0.0308000000000004,0.0368000000000001,0.0548000000000002,0.0379999999999998,0.0463999999999999,0.0512000000000001,0.0647999999999996,0.0816000000000001,0.0995999999999999
47,0,0.000200000000000089,0.00119999999999976,0.00219999999999987,0.00719999999999998,0.013,0.00280000000000002,0.00219999999999998,0.00619999999999987,0.0089999999999999,0.0200000000000002,0.0264000000000004,0.0104000000000002,0.0150000000000001,0.0192000000000004,0.0214000000000003,0.0347999999999999,0.0451999999999998,0.0375999999999999,0.0416000000000003,0.0570000000000001,0.0603999999999998,0.0768000000000002,0.0943999999999999
48,0,0.000199999999999978,0.00099999999999989,0.004,0.00620000000000021,0.0131999999999999,0.00260000000000005,0.00459999999999983,0.00600000000000023,0.0108000000000001,0.0182000000000002,0.0266000000000005,0.0104000000000002,0.0124000000000001,0.0190000000000002,0.0246000000000002,0.0300000000000001,0.0468000000000001,0.0361999999999999,0.0417999999999999,0.0518000000000004,0.0567999999999996,0.0697999999999994,0.0857999999999997
49,0,0.000399999999999956,0.000599999999999934,0.00279999999999991,0.00619999999999976,0.0111999999999999,0.00179999999999991,0.00480000000000003,0.00500000000000034,0.0108000000000001,0.0164000000000003,0.0232000000000002,0.0118,0.0141999999999999,0.0166000000000004,0.0242000000000003,0.0379999999999998,0.0482000000000002,0.0332000000000003,0.0420000000000001,0.0501999999999999,0.0594,0.0816000000000002,0.0908000000000001
50,0,0.000200000000000089,0,0.000600000000000045,0.00480000000000003,0.00800000000000012,0.00280000000000002,0.00279999999999991,0.00599999999999978,0.0124,0.0152,0.0204000000000006,0.00880000000000014,0.0134000000000002,0.02,0.0266000000000004,0.0352,0.0486,0.0352000000000001,0.0412000000000002,0.0541999999999999,0.0606,0.0749999999999998,0.0894000000000001
51,0,0.000199999999999978,0.000399999999999956,0.00139999999999985,0.003,0.00920000000000021,0.00340000000000007,0.00539999999999996,0.00639999999999996,0.0102000000000001,0.0118000000000003,0.0260000000000004,0.00979999999999959,0.0150000000000001,0.0188000000000001,0.0260000000000004,0.0379999999999999,0.0473999999999998,0.0378000000000004,0.0422,0.0488,0.0562,0.0824000000000003,0.0958
52,0,0,0.000199999999999978,0.00159999999999993,0.00480000000000003,0.0106000000000005,0.00240000000000007,0.00379999999999991,0.00739999999999996,0.00680000000000003,0.0138000000000004,0.0224000000000002,0.0082000000000001,0.0140000000000002,0.0188000000000001,0.0298000000000002,0.0322000000000002,0.0449999999999998,0.0384000000000003,0.0416000000000004,0.0525999999999998,0.0614000000000003,0.0742000000000002,0.0892000000000001
53,0,0,0.000399999999999956,0.00120000000000009,0.00600000000000012,0.0102000000000002,0.00240000000000007,0.00280000000000002,0.00480000000000003,0.00620000000000009,0.0120000000000005,0.0234000000000002,0.0116000000000004,0.0132000000000003,0.0200000000000005,0.0246000000000005,0.0346000000000001,0.0466000000000001,0.0330000000000004,0.0434,0.0512000000000004,0.0570000000000002,0.0766,0.0892000000000003
54,0,0,0.00099999999999989,0.00139999999999996,0.00499999999999989,0.00819999999999999,0.00260000000000016,0.00340000000000007,0.00520000000000009,0.0106000000000001,0.0146000000000001,0.0217999999999999,0.0122000000000003,0.012,0.0188000000000001,0.0254000000000002,0.0302000000000001,0.0403999999999998,0.0327999999999998,0.0374000000000001,0.0516000000000001,0.0619999999999996,0.0725999999999999,0.0902000000000005
55,0,0,0.000599999999999934,0.00259999999999994,0.00340000000000007,0.00660000000000016,0.00259999999999994,0.00359999999999983,0.00419999999999998,0.00960000000000039,0.0138000000000004,0.022,0.0110000000000002,0.0144000000000003,0.0204000000000002,0.0282000000000002,0.0329999999999999,0.0486,0.0284000000000002,0.0368000000000001,0.0477999999999997,0.0563999999999999,0.0732,0.091
56,0,0,0.000199999999999978,0.00120000000000009,0.00259999999999971,0.00639999999999985,0.00120000000000009,0.00280000000000002,0.00560000000000005,0.0099999999999999,0.0112000000000001,0.0220000000000001,0.0144000000000001,0.0166000000000003,0.0188000000000001,0.0248000000000004,0.0334000000000002,0.0472000000000002,0.0344,0.0384000000000002,0.0504000000000003,0.0570000000000002,0.0675999999999999,0.0892000000000001
57,0,0,0.000399999999999956,0,0.00319999999999976,0.00659999999999994,0.000800000000000134,0.00300000000000011,0.00480000000000036,0.00959999999999983,0.0111999999999999,0.0186000000000004,0.0109999999999999,0.0110000000000002,0.0206000000000006,0.0226000000000002,0.0317999999999999,0.0433999999999999,0.0316000000000001,0.0394,0.0486,0.0507999999999995,0.0625999999999999,0.0862000000000001
58,0,0,0.000400000000000067,0.000399999999999956,0.00280000000000002,0.00660000000000016,0.00120000000000009,0.003,0.00399999999999989,0.0069999999999999,0.0100000000000001,0.0202000000000004,0.00759999999999972,0.0112000000000002,0.0178000000000005,0.0218000000000003,0.0314000000000004,0.0414000000000001,0.0316000000000004,0.0363999999999999,0.0472000000000002,0.0558000000000004,0.07,0.0844000000000001
59,0,0.000199999999999978,0.000399999999999956,0.000600000000000045,0.00320000000000009,0.0094000000000003,0.00140000000000018,0.00380000000000025,0.00439999999999985,0.00740000000000007,0.017,0.0246000000000001,0.0089999999999999,0.0132000000000001,0.0178000000000007,0.0236000000000002,0.0372,0.0422000000000001,0.0310000000000004,0.0386000000000004,0.0484,0.055,0.0656000000000002,0.0903999999999999
60,0,0,0.000200000000000089,0.000399999999999956,0.00439999999999996,0.0100000000000005,0.00139999999999996,0.00319999999999998,0.0052000000000002,0.0082000000000001,0.0136000000000002,0.0196000000000004,0.00900000000000001,0.00959999999999994,0.0178000000000005,0.0202000000000007,0.0294000000000005,0.044,0.0283999999999999,0.0342,0.0454000000000002,0.0577999999999999,0.0699999999999998,0.0835999999999999
61,0,0,0.000800000000000023,0.00099999999999989,0.00460000000000005,0.00780000000000003,0.00380000000000014,0.003,0.00639999999999985,0.00900000000000001,0.0110000000000003,0.0198000000000004,0.00880000000000025,0.00900000000000023,0.0136000000000002,0.0176000000000001,0.029,0.0428000000000001,0.0294,0.0354000000000002,0.0436000000000001,0.0516000000000001,0.0675999999999999,0.0856000000000003
62,0,0,0,0.000600000000000045,0.00339999999999985,0.0072000000000001,0.00219999999999998,0.00559999999999983,0.00780000000000003,0.0114000000000003,0.0126000000000002,0.0226000000000002,0.00800000000000045,0.0126000000000004,0.0200000000000002,0.0214000000000003,0.0307999999999996,0.0390000000000004,0.0310000000000002,0.0360000000000003,0.0482,0.0510000000000005,0.0659999999999998,0.0758000000000001
63,0,0,0.000199999999999978,0.000400000000000067,0.0052000000000002,0.00660000000000016,0.00340000000000007,0.00479999999999992,0.00639999999999985,0.00979999999999981,0.0142000000000002,0.0204000000000002,0.00780000000000014,0.0130000000000002,0.0160000000000007,0.0224000000000005,0.0367999999999999,0.0388000000000001,0.0284000000000003,0.0338000000000003,0.0424000000000001,0.0538000000000003,0.0652000000000003,0.0836000000000001
64,0,0,0.000399999999999956,0.00139999999999996,0.00440000000000007,0.00679999999999992,0.00199999999999989,0.003,0.00700000000000012,0.00880000000000014,0.0152,0.0232000000000006,0.00900000000000001,0.0130000000000002,0.0160000000000001,0.0200000000000001,0.0349999999999998,0.0438000000000003,0.0262000000000007,0.0328000000000001,0.0451999999999999,0.0551999999999999,0.0714000000000002,0.0856
65,0,0,0.000600000000000045,0.00220000000000009,0.00180000000000002,0.00760000000000016,0.0042000000000002,0.00640000000000018,0.00600000000000023,0.00759999999999994,0.0150000000000001,0.0202000000000007,0.0106000000000003,0.0122000000000003,0.0156000000000002,0.0194,0.0232000000000002,0.0370000000000004,0.0303999999999999,0.0340000000000003,0.0402000000000001,0.0486,0.0644,0.0823999999999999
66,0,0,0,0.00240000000000007,0.00239999999999996,0.00580000000000014,0.00339999999999985,0.00460000000000027,0.0052000000000002,0.00480000000000003,0.0152000000000001,0.0220000000000004,0.00679999999999992,0.0110000000000002,0.0140000000000002,0.0204000000000002,0.0278,0.04,0.0268,0.0364000000000003,0.0465999999999999,0.0591999999999997,0.0690000000000001,0.0796000000000003
67,0,0,0,0.00199999999999989,0.00260000000000005,0.00979999999999992,0.00399999999999978,0.00319999999999998,0.00700000000000001,0.00760000000000005,0.012,0.0212000000000003,0.00800000000000023,0.0134000000000001,0.0192000000000004,0.0202000000000001,0.0306000000000002,0.0418000000000001,0.0310000000000004,0.0345999999999996,0.0403999999999999,0.0495999999999998,0.0641999999999997,0.0841999999999998
68,0,0,0.000199999999999978,0.00240000000000007,0.00539999999999974,0.00899999999999979,0.00200000000000022,0.00219999999999987,0.00900000000000001,0.0112000000000001,0.0142000000000002,0.0178000000000005,0.00780000000000003,0.0122000000000001,0.0166000000000001,0.0188000000000001,0.0272000000000004,0.0369999999999999,0.0284000000000003,0.0352000000000002,0.0453999999999999,0.0551999999999998,0.0649999999999998,0.0898
69,0,0,0.000199999999999978,0.00239999999999985,0.00419999999999998,0.00780000000000003,0.00360000000000005,0.00260000000000005,0.00759999999999994,0.00859999999999994,0.0122000000000001,0.0194000000000004,0.00800000000000012,0.0144000000000001,0.0172000000000003,0.0240000000000005,0.0264000000000002,0.0430000000000001,0.0286000000000002,0.0300000000000002,0.0384000000000002,0.0517999999999997,0.0611999999999998,0.0812
70,0,0.000199999999999978,0.000199999999999978,0.000799999999999801,0.00419999999999998,0.00620000000000009,0.00339999999999974,0.00319999999999976,0.00359999999999983,0.00880000000000036,0.0128,0.0164000000000003,0.00840000000000007,0.0077999999999997,0.0146000000000001,0.0178000000000001,0.0252000000000001,0.0375999999999996,0.0272000000000004,0.0328000000000001,0.0404000000000001,0.0486,0.0597999999999999,0.0808000000000004
71,0,0,0,0.000399999999999956,0.00159999999999993,0.00880000000000014,0.00159999999999993,0.00160000000000016,0.00360000000000016,0.00759999999999994,0.0082000000000001,0.0202000000000006,0.00539999999999996,0.00919999999999987,0.0144000000000001,0.0182000000000001,0.0262000000000002,0.0334000000000002,0.0226000000000001,0.0324000000000004,0.0411999999999998,0.0468000000000001,0.0673999999999998,0.0830000000000001
72,0,0,0.000199999999999978,0.000600000000000045,0.0037999999999998,0.00680000000000003,0.00139999999999996,0.00279999999999991,0.00440000000000007,0.00599999999999989,0.00879999999999992,0.0188000000000001,0.00639999999999996,0.0104000000000002,0.0140000000000002,0.0194000000000003,0.028,0.0438,0.0300000000000002,0.0348000000000001,0.0372,0.0536,0.0626000000000002,0.0756000000000001
73,0,0,0,0.00159999999999993,0.00340000000000007,0.00860000000000016,0.000200000000000089,0.00279999999999991,0.003,0.00660000000000016,0.0106000000000002,0.0204000000000003,0.00700000000000001,0.0124000000000004,0.0148,0.0190000000000002,0.0288000000000004,0.0396000000000002,0.0284,0.0346000000000001,0.0412,0.0521999999999998,0.0626000000000001,0.0826
74,0,0,0.000399999999999956,0.00139999999999985,0.004,0.00800000000000001,0.000800000000000023,0.00179999999999991,0.00359999999999983,0.00599999999999989,0.00900000000000023,0.0212000000000002,0.00760000000000005,0.0108,0.0132000000000002,0.0186000000000002,0.0280000000000002,0.0328000000000002,0.0264,0.0342000000000005,0.0432000000000001,0.0526000000000003,0.0635999999999994,0.0793999999999998
75,0,0,0.000199999999999978,0.00119999999999976,0.00219999999999998,0.00860000000000039,0.000600000000000045,0.00220000000000009,0.00399999999999989,0.00640000000000018,0.00800000000000001,0.0162000000000002,0.00700000000000012,0.00940000000000085,0.0140000000000002,0.0192,0.0254000000000005,0.0405999999999999,0.0246000000000001,0.0294000000000001,0.0415999999999999,0.0486,0.0650000000000002,0.0774000000000001
76,0,0,0.000799999999999801,0.003,0.00319999999999998,0.00620000000000021,0.000400000000000067,0.00260000000000005,0.00419999999999998,0.00939999999999985,0.0108000000000003,0.0196000000000005,0.00940000000000007,0.0100000000000002,0.0152000000000004,0.0178,0.0248000000000002,0.0308000000000002,0.0232000000000002,0.0342000000000003,0.0414000000000001,0.0501999999999999,0.0571999999999997,0.0726
77,0,0,0.000399999999999956,0.00340000000000007,0.00380000000000014,0.00559999999999972,0.00120000000000009,0.00580000000000003,0.00440000000000007,0.00659999999999994,0.00919999999999999,0.0128,0.0082000000000001,0.0122,0.0118000000000003,0.0196000000000004,0.0238000000000003,0.0360000000000003,0.0274000000000002,0.0344,0.0437999999999998,0.0512,0.0627999999999999,0.0765999999999997
78,0,0.000399999999999956,0,0.000800000000000023,0.00360000000000016,0.00540000000000007,0.000600000000000045,0.00360000000000005,0.00340000000000018,0.00700000000000034,0.0072000000000001,0.0166000000000001,0.00919999999999987,0.0132000000000001,0.0152000000000002,0.0196,0.0248000000000004,0.0356000000000004,0.0296000000000004,0.0320000000000004,0.0402,0.0532000000000002,0.0623999999999999,0.0764
79,0,0,0,0.00219999999999998,0.00219999999999976,0.00520000000000009,0.00219999999999998,0.00240000000000007,0.004,0.00639999999999974,0.00919999999999999,0.0150000000000002,0.00560000000000005,0.00880000000000025,0.0142000000000005,0.017,0.0238,0.0368000000000002,0.0260000000000001,0.0332000000000001,0.0382000000000005,0.0514,0.0599999999999998,0.0737999999999999
80,0,0,0.000600000000000045,0.00159999999999993,0.00279999999999969,0.00620000000000021,0.00120000000000009,0.00219999999999998,0.00559999999999983,0.00719999999999998,0.00799999999999979,0.0166000000000001,0.00459999999999994,0.00820000000000032,0.0118,0.0182000000000001,0.0252000000000002,0.0328000000000001,0.0282000000000003,0.0331999999999999,0.0388000000000001,0.0532,0.0672,0.0790000000000003
81,0,0,0.000199999999999978,0.00379999999999991,0.0012000000000002,0.00559999999999983,0.00179999999999991,0.00159999999999993,0.00539999999999996,0.00520000000000009,0.0102000000000002,0.0157999999999998,0.00560000000000005,0.0106000000000002,0.0120000000000003,0.0164000000000004,0.0238,0.0338000000000003,0.0252000000000002,0.0342000000000001,0.0392000000000003,0.0474000000000001,0.0577999999999997,0.0787999999999998
82,0,0,0.000399999999999956,0.00180000000000002,0.00340000000000007,0.00700000000000012,0.00159999999999993,0.00219999999999998,0.00540000000000007,0.0069999999999999,0.0126000000000002,0.0170000000000001,0.00619999999999976,0.0106000000000003,0.0124000000000001,0.0174000000000005,0.0240000000000002,0.0359999999999997,0.0276000000000002,0.0312,0.0400000000000003,0.0457999999999998,0.0604000000000002,0.0802000000000003
83,0,0,0.00139999999999996,0.00119999999999987,0.00439999999999985,0.00679999999999992,0.00159999999999993,0.00240000000000007,0.00360000000000016,0.00520000000000009,0.00940000000000041,0.0162000000000002,0.00720000000000043,0.0128000000000003,0.0138000000000003,0.0222,0.0262000000000003,0.0358000000000003,0.0228000000000002,0.0356000000000001,0.0382000000000003,0.0518,0.0619999999999997,0.0734
84,0,0,0.00100000000000011,0.00160000000000016,0.00259999999999994,0.00900000000000001,0.00239999999999985,0.00340000000000007,0.00600000000000012,0.00800000000000023,0.00719999999999998,0.0138000000000001,0.00520000000000009,0.00639999999999996,0.0106000000000001,0.0172000000000001,0.0246000000000004,0.0332000000000002,0.0202000000000004,0.0268,0.0353999999999999,0.0450000000000002,0.0615999999999999,0.0772000000000003
85,0,0,0,0.00259999999999994,0.00219999999999987,0.00940000000000007,0.00320000000000009,0.00219999999999998,0.00319999999999998,0.00680000000000003,0.00840000000000007,0.0164000000000003,0.00500000000000034,0.00940000000000007,0.0130000000000001,0.0166000000000001,0.0218,0.0376000000000001,0.0248000000000002,0.0304000000000001,0.0363999999999999,0.0468000000000001,0.0553999999999999,0.0728
86,0,0,0.000399999999999956,0.00159999999999993,0.00260000000000005,0.00760000000000005,0.00140000000000018,0.00160000000000016,0.00419999999999987,0.00599999999999978,0.0094000000000003,0.0186000000000002,0.00580000000000025,0.00880000000000036,0.0115999999999999,0.0148000000000001,0.0228000000000005,0.0388000000000003,0.0216000000000003,0.0276000000000002,0.0352000000000006,0.0438,0.0534,0.0681999999999998
87,0,0.000600000000000045,0.00100000000000011,0.000399999999999956,0.00360000000000016,0.0108000000000001,0.000800000000000023,0.00139999999999996,0.00359999999999983,0.00579999999999981,0.0120000000000001,0.0152000000000004,0.00600000000000012,0.00780000000000003,0.0121999999999999,0.0162000000000002,0.0222000000000002,0.0349999999999997,0.0214,0.0307999999999999,0.0382000000000002,0.0444000000000001,0.0641999999999999,0.0714000000000001
88,0,0.00100000000000011,0.00099999999999989,0.00180000000000025,0.00319999999999998,0.00819999999999976,0.00139999999999996,0.002,0.00279999999999991,0.00600000000000012,0.00859999999999994,0.0156000000000001,0.00859999999999983,0.0082000000000001,0.0142000000000002,0.0186000000000002,0.0234000000000004,0.0348000000000002,0.0264,0.0316000000000004,0.0381999999999999,0.047,0.0573999999999999,0.0758
89,0,0,0.000399999999999956,0.000400000000000067,0.00160000000000016,0.00580000000000025,0.000800000000000023,0.00099999999999989,0.00319999999999976,0.00479999999999992,0.00980000000000036,0.0158000000000006,0.00779999999999992,0.00799999999999979,0.00919999999999999,0.0141999999999998,0.0234000000000001,0.0307999999999998,0.0196000000000004,0.025,0.0379999999999998,0.0456,0.0559999999999995,0.0614000000000001
90,0,0,0.000199999999999978,0.00159999999999993,0.002,0.00399999999999978,0.00100000000000011,0.000600000000000045,0.00539999999999974,0.00499999999999989,0.0108000000000001,0.0174000000000001,0.00780000000000014,0.00760000000000016,0.0108000000000003,0.0146000000000006,0.0262000000000003,0.0306000000000001,0.0258000000000002,0.0346000000000002,0.0413999999999999,0.0494000000000002,0.0603999999999999,0.0738
91,0,0,0,0.00159999999999971,0.002,0.00740000000000018,0.00100000000000011,0.0037999999999998,0.00579999999999969,0.00679999999999992,0.0118,0.0168000000000004,0.00719999999999987,0.0132000000000001,0.0142000000000004,0.0174000000000001,0.0224000000000001,0.0368000000000001,0.0226000000000003,0.0330000000000001,0.036,0.046,0.0584000000000002,0.0715999999999998
92,0,0,0,0.000599999999999934,0.00240000000000007,0.00479999999999992,0.00100000000000011,0.00280000000000014,0.00419999999999998,0.003,0.00879999999999992,0.0152000000000002,0.00600000000000012,0.00979999999999992,0.0118,0.0208000000000002,0.0230000000000002,0.0338000000000001,0.0248000000000002,0.029,0.0408000000000002,0.0468,0.0535999999999999,0.0726
93,0,0,0,0.000599999999999934,0.00239999999999996,0.00600000000000012,0.000599999999999934,0.00580000000000003,0.00519999999999998,0.00519999999999998,0.0122000000000001,0.0158000000000001,0.00580000000000014,0.00859999999999972,0.0128,0.0192,0.0246000000000002,0.0322,0.0240000000000005,0.0270000000000001,0.0386000000000002,0.0486000000000003,0.0582000000000003,0.0681999999999998
94,0,0,0,0.000199999999999978,0.00280000000000002,0.005,0.000600000000000045,0.00159999999999993,0.002,0.00360000000000005,0.00880000000000014,0.0168000000000004,0.0082000000000001,0.00739999999999985,0.0118,0.0142000000000002,0.0186000000000004,0.0297999999999999,0.0208000000000002,0.0284000000000003,0.0334000000000002,0.0423999999999997,0.0522,0.0662
95,0,0,0.000199999999999978,0.000599999999999934,0.00360000000000016,0.00379999999999991,0.0017999999999998,0.00259999999999994,0.00399999999999978,0.00439999999999996,0.00919999999999987,0.0182000000000003,0.00440000000000007,0.00719999999999998,0.0082000000000001,0.0176000000000001,0.0244000000000003,0.0286000000000004,0.0208000000000006,0.0248000000000006,0.0336000000000002,0.0432000000000002,0.0550000000000003,0.0722
96,0,0,0.000199999999999978,0.000399999999999956,0.00379999999999991,0.00480000000000003,0.00139999999999985,0.00219999999999998,0.00259999999999994,0.00560000000000005,0.00660000000000027,0.0152000000000004,0.00480000000000003,0.00659999999999983,0.0127999999999999,0.0172000000000003,0.0228000000000003,0.0334000000000003,0.0230000000000002,0.0280000000000001,0.0351999999999998,0.0479999999999999,0.0574000000000002,0.0767999999999998
97,0,0,0.000399999999999956,0.000800000000000023,0.00379999999999991,0.00419999999999976,0.00139999999999985,0.00280000000000002,0.00439999999999996,0.00439999999999985,0.00780000000000025,0.0158000000000004,0.0072000000000001,0.00880000000000025,0.0102000000000001,0.0144000000000004,0.0204000000000001,0.0278,0.0249999999999999,0.0310000000000004,0.0343999999999999,0.0426000000000001,0.0521999999999997,0.0718
98,0,0,0.000600000000000045,0.000600000000000045,0.00259999999999994,0.00539999999999974,0.00459999999999983,0.00360000000000005,0.00359999999999983,0.00419999999999987,0.00960000000000005,0.0154000000000002,0.00460000000000005,0.005,0.012,0.0138000000000004,0.0172000000000003,0.0294000000000005,0.0226,0.0294000000000005,0.0356000000000001,0.0442,0.0529999999999999,0.0649999999999996
99,0,0,0.000600000000000045,0.000799999999999801,0.00379999999999991,0.00499999999999989,0.004,0.00159999999999982,0.00339999999999985,0.00340000000000018,0.00679999999999992,0.0130000000000002,0.00480000000000003,0.00700000000000034,0.00960000000000039,0.0144000000000003,0.0242000000000001,0.0276000000000002,0.0194000000000001,0.0254000000000005,0.0350000000000003,0.0384000000000003,0.0513999999999997,0.0742000000000002
100,0,0,0.000399999999999956,0.000200000000000089,0.00219999999999987,0.00479999999999992,0.00260000000000005,0.00300000000000011,0.00280000000000002,0.00259999999999971,0.00760000000000016,0.0142,0.005,0.00560000000000005,0.00720000000000032,0.0126000000000001,0.0170000000000001,0.0322000000000005,0.0210000000000002,0.0278000000000002,0.0344000000000002,0.0442000000000001,0.0549999999999998,0.0718000000000003
101,0,0,0.000399999999999956,0.000800000000000023,0.00419999999999998,0.00740000000000041,0.00339999999999985,0.00219999999999998,0.00219999999999998,0.00399999999999989,0.00939999999999996,0.0124000000000001,0.00860000000000027,0.00840000000000019,0.0104000000000002,0.0142000000000002,0.0198000000000002,0.0309999999999998,0.0231999999999999,0.0274,0.0383999999999999,0.0450000000000003,0.0569999999999999,0.0684000000000005
102,0,0.000400000000000067,0.000200000000000089,0.00100000000000011,0.00380000000000014,0.00599999999999989,0.000600000000000045,0.00279999999999991,0.00399999999999989,0.00579999999999981,0.00800000000000056,0.0116000000000001,0.00519999999999987,0.00659999999999994,0.00980000000000003,0.0158,0.0210000000000004,0.0292000000000003,0.0240000000000004,0.0242000000000004,0.0314000000000004,0.0428000000000002,0.0602000000000001,0.0653999999999999
103,0,0,0.000199999999999978,0.00099999999999989,0.00360000000000016,0.00600000000000012,0.000600000000000045,0.00120000000000009,0.00300000000000011,0.00679999999999992,0.00719999999999965,0.0124000000000001,0.00399999999999989,0.00719999999999987,0.0106000000000001,0.0152000000000001,0.0216000000000003,0.0316,0.0198000000000002,0.0250000000000002,0.0322000000000005,0.0414000000000003,0.0533999999999998,0.0706000000000003
104,0,0,0,0.000200000000000089,0.00280000000000002,0.00560000000000005,0.000600000000000045,0.000799999999999801,0.00159999999999993,0.005,0.00600000000000012,0.0122000000000001,0.00580000000000014,0.00740000000000007,0.0122000000000003,0.0158000000000003,0.0222000000000002,0.0318000000000002,0.0214000000000003,0.0276000000000002,0.0396000000000001,0.0454000000000003,0.052,0.0704
105,0,0,0,0,0.00239999999999985,0.00639999999999996,0.000199999999999978,0.00219999999999998,0.00300000000000011,0.00600000000000012,0.00619999999999987,0.0119999999999999,0.00539999999999996,0.00620000000000009,0.00739999999999985,0.0124000000000002,0.0160000000000008,0.0304000000000003,0.0157999999999998,0.0252000000000002,0.0266000000000003,0.0342000000000005,0.042,0.0601999999999997
106,0,0,0,0,0.00280000000000014,0.00419999999999998,0.00100000000000011,0.000999999999999779,0.00360000000000005,0.00460000000000005,0.00579999999999981,0.0137999999999998,0.00700000000000012,0.00680000000000003,0.00960000000000027,0.0152000000000004,0.0210000000000002,0.0300000000000001,0.0188000000000004,0.0230000000000004,0.0326000000000001,0.0398000000000002,0.0446000000000002,0.0651999999999999
107,0,0,0.000800000000000023,0.000400000000000067,0.00119999999999987,0.00639999999999985,0.000599999999999934,0.00159999999999993,0.00259999999999971,0.00340000000000007,0.00580000000000014,0.0114000000000002,0.00599999999999989,0.00599999999999989,0.00919999999999976,0.0134000000000006,0.0178000000000005,0.0252000000000001,0.02,0.0258000000000003,0.0304000000000001,0.04,0.0541999999999997,0.0640000000000001
108,0,0.000800000000000134,0.000400000000000067,0,0.00179999999999991,0.00380000000000014,0.00120000000000009,0.000800000000000023,0.00480000000000003,0.0037999999999998,0.00739999999999996,0.0138000000000001,0.00719999999999998,0.00880000000000014,0.0138000000000001,0.0135999999999998,0.0182000000000003,0.0316000000000001,0.0226000000000002,0.0296000000000002,0.0366000000000003,0.0401999999999998,0.0511999999999999,0.0711999999999999
109,0,0,0.000800000000000023,0.000200000000000089,0.000800000000000134,0.00519999999999998,0.000600000000000045,0.00099999999999989,0.00340000000000007,0.00360000000000016,0.00760000000000005,0.0142000000000003,0.00439999999999996,0.00719999999999987,0.00900000000000023,0.0104000000000003,0.0176000000000005,0.0290000000000002,0.0198000000000002,0.0286000000000003,0.0318000000000004,0.0439999999999999,0.0549999999999997,0.0691999999999999
110,0,0.000199999999999978,0.000599999999999934,0.000800000000000023,0.00120000000000009,0.003,0.0012000000000002,0.00219999999999987,0.00219999999999998,0.00339999999999985,0.00820000000000032,0.0148000000000001,0.00500000000000012,0.00800000000000012,0.0124000000000004,0.0146000000000001,0.0206000000000006,0.0293999999999999,0.0235999999999998,0.0306000000000002,0.0341999999999999,0.0420000000000001,0.0499999999999998,0.0689999999999997
111,0,0.000199999999999978,0.000600000000000045,0.000600000000000045,0.00099999999999989,0.00459999999999994,0.00220000000000009,0.00219999999999998,0.00099999999999989,0.00599999999999989,0.005,0.0114,0.00559999999999983,0.00800000000000023,0.0110000000000001,0.0160000000000001,0.0194000000000004,0.0280000000000002,0.0185999999999998,0.0254000000000002,0.0358000000000002,0.0392,0.05,0.0692
112,0,0,0.000599999999999934,0.00100000000000011,0.00219999999999998,0.00620000000000032,0.000399999999999956,0.00259999999999994,0.00220000000000009,0.00519999999999998,0.00860000000000027,0.0122000000000001,0.00520000000000009,0.00639999999999974,0.00920000000000021,0.015,0.0194000000000003,0.0283999999999998,0.0207999999999999,0.0274,0.0394000000000002,0.0421999999999998,0.0542,0.0725999999999999
113,0,0,0,0.000799999999999801,0.002,0.00280000000000002,0.00099999999999989,0.00239999999999996,0.00259999999999994,0.00419999999999998,0.00620000000000009,0.0103999999999997,0.00280000000000002,0.00460000000000027,0.00919999999999999,0.0135999999999998,0.0190000000000002,0.0250000000000005,0.0172000000000004,0.0234000000000003,0.0328000000000003,0.0379999999999999,0.0472000000000001,0.0614
114,0,0,0,0.00100000000000011,0.000800000000000023,0.00360000000000016,0.00199999999999978,0.00260000000000005,0.00319999999999998,0.00560000000000016,0.00819999999999999,0.0128000000000001,0.00319999999999976,0.00499999999999989,0.00600000000000012,0.0122000000000001,0.0162,0.0246000000000001,0.0186000000000003,0.0246000000000002,0.0326000000000001,0.0396000000000001,0.0454000000000002,0.0656000000000002
115,0,0,0,0.000400000000000067,0.000599999999999934,0.00240000000000007,0.00180000000000002,0.00279999999999969,0.00259999999999994,0.00580000000000014,0.00840000000000019,0.012,0.00419999999999998,0.00520000000000009,0.0102,0.0126000000000001,0.0182000000000002,0.0264000000000002,0.0140000000000003,0.0246000000000001,0.0280000000000004,0.0411999999999998,0.0484000000000002,0.0648000000000001
116,0,0,0,0.000600000000000045,0.00199999999999989,0.00340000000000007,0.00219999999999987,0.00179999999999991,0.00219999999999987,0.00339999999999985,0.00800000000000023,0.0120000000000003,0.00480000000000003,0.00659999999999994,0.01,0.0128000000000003,0.0178000000000001,0.0276000000000003,0.0190000000000003,0.0256000000000003,0.0284000000000003,0.0387999999999999,0.0495999999999998,0.0684000000000001
117,0,0,0,0.000399999999999956,0.00339999999999985,0.00439999999999996,0.000399999999999956,0.00260000000000005,0.00259999999999994,0.00419999999999987,0.00659999999999983,0.0134000000000002,0.00460000000000005,0.00480000000000036,0.00939999999999996,0.0134000000000003,0.0196000000000004,0.0268000000000002,0.0166000000000003,0.0272000000000001,0.0316000000000001,0.0402,0.0494000000000001,0.0663999999999999
118,0,0,0.000199999999999978,0.00139999999999996,0.00239999999999985,0.00360000000000005,0.000599999999999934,0.00219999999999998,0.003,0.00419999999999987,0.00739999999999996,0.0115999999999998,0.00339999999999985,0.00579999999999981,0.00960000000000027,0.0152000000000004,0.0202000000000001,0.0304000000000001,0.0186000000000003,0.0220000000000004,0.0317999999999999,0.0372000000000001,0.0476000000000001,0.0641999999999999
119,0,0,0,0.00139999999999996,0.00160000000000016,0.00179999999999991,0,0.002,0.00099999999999989,0.00439999999999985,0.00820000000000021,0.00920000000000032,0.005,0.00780000000000003,0.00879999999999992,0.0124000000000002,0.0162,0.0242000000000001,0.0176000000000001,0.0258000000000004,0.0364000000000003,0.0426000000000001,0.0500000000000002,0.0604000000000002
120,0,0,0.000199999999999978,0.000200000000000089,0.00119999999999987,0.00240000000000007,0,0.00239999999999985,0.00179999999999991,0.00319999999999976,0.0089999999999999,0.0124000000000001,0.00439999999999996,0.00600000000000012,0.00780000000000014,0.0126000000000002,0.0190000000000002,0.0287999999999998,0.0182000000000003,0.0254000000000002,0.029,0.0388000000000001,0.0481999999999998,0.0686
121,0,0,0.000200000000000089,0.00120000000000009,0.00120000000000009,0.00300000000000011,0,0.00220000000000009,0.00179999999999991,0.00439999999999996,0.00819999999999999,0.0154000000000001,0.00540000000000007,0.00580000000000003,0.00939999999999996,0.00959999999999983,0.0183999999999999,0.0266000000000001,0.0182000000000003,0.0234000000000003,0.0316000000000004,0.0364000000000001,0.0480000000000002,0.0636000000000001
122,0,0,0.000599999999999934,0.000599999999999934,0.00119999999999987,0.00340000000000007,0.000200000000000089,0.00119999999999987,0.0012000000000002,0.00479999999999992,0.00559999999999983,0.00960000000000005,0.00599999999999989,0.00780000000000025,0.0126000000000004,0.0131999999999999,0.0156000000000001,0.0256000000000001,0.0172000000000001,0.0250000000000001,0.0284000000000003,0.0356000000000001,0.0461999999999999,0.0646
123,0,0,0,0.000800000000000023,0.000800000000000023,0.003,0.000199999999999978,0.00159999999999982,0.003,0.00439999999999996,0.00480000000000003,0.0108000000000001,0.003,0.00680000000000003,0.00860000000000027,0.0114000000000002,0.0172000000000001,0.0244000000000004,0.0182000000000002,0.0246000000000001,0.0324000000000002,0.0376000000000001,0.0495999999999996,0.0675999999999998
124,0,0,0,0.000400000000000067,0.00119999999999987,0.00320000000000009,0,0.00119999999999987,0.00320000000000009,0.00540000000000007,0.00559999999999983,0.00900000000000001,0.00619999999999987,0.0072000000000001,0.00859999999999994,0.0136000000000002,0.0186000000000006,0.0282000000000001,0.0158,0.0218000000000004,0.0284000000000002,0.0354000000000002,0.0462000000000004,0.0651999999999999
125,0,0,0,0.00100000000000011,0.000200000000000089,0.00379999999999991,0.000199999999999978,0.00120000000000009,0.00319999999999998,0.003,0.00620000000000021,0.0127999999999999,0.00339999999999985,0.00700000000000012,0.00860000000000016,0.0132000000000003,0.0170000000000003,0.0282000000000001,0.0196000000000005,0.0262000000000002,0.0352000000000001,0.0431999999999998,0.0506,0.0668
126,0,0,0,0.000199999999999978,0.00119999999999987,0.00380000000000014,0.000600000000000045,0.00419999999999998,0.004,0.00560000000000005,0.00700000000000001,0.00919999999999987,0.00360000000000016,0.00760000000000005,0.00960000000000027,0.0133999999999999,0.0176000000000001,0.029,0.0192000000000005,0.0228000000000006,0.0322000000000001,0.036,0.0483999999999999,0.0604
127,0,0,0.000399999999999956,0.00120000000000009,0.00139999999999996,0.00260000000000005,0.00139999999999996,0.00239999999999996,0.00280000000000002,0.00480000000000003,0.00620000000000009,0.0124000000000002,0.00320000000000009,0.00599999999999989,0.00859999999999983,0.0128,0.0180000000000001,0.0228,0.0194000000000001,0.0214000000000003,0.0274000000000001,0.0402000000000001,0.0450000000000002,0.0630000000000002
128,0,0,0.000200000000000089,0.00159999999999993,0.00179999999999991,0.00439999999999974,0.000199999999999978,0.000599999999999934,0.00179999999999991,0.00239999999999962,0.005,0.0100000000000001,0.0042000000000002,0.005,0.00760000000000005,0.0124000000000002,0.0172000000000007,0.0228000000000003,0.0194,0.0268,0.0276000000000003,0.0377999999999998,0.0473999999999998,0.0566
129,0,0,0,0.0017999999999998,0.00139999999999996,0.00360000000000016,0.000400000000000067,0.002,0.00260000000000005,0.00600000000000023,0.00820000000000021,0.0106000000000002,0.00399999999999989,0.00580000000000003,0.00740000000000018,0.0126000000000004,0.0192000000000003,0.0262000000000004,0.0194000000000001,0.0253999999999999,0.0309999999999999,0.0360000000000003,0.0474000000000001,0.0612
130,0,0,0,0.00280000000000002,0.00240000000000007,0.00240000000000007,0.000600000000000045,0.00159999999999993,0.00160000000000016,0.00500000000000012,0.00719999999999998,0.0116000000000004,0.00380000000000014,0.00559999999999983,0.00679999999999992,0.00719999999999987,0.0156000000000002,0.0248000000000004,0.0159999999999998,0.0210000000000002,0.0220000000000001,0.0348000000000001,0.0478000000000002,0.0600000000000001
131,0,0.000399999999999956,0,0.00140000000000018,0.000999999999999779,0.00280000000000002,0.000600000000000045,0.000799999999999801,0.0032000000000002,0.00419999999999987,0.00620000000000009,0.0114000000000002,0.00319999999999998,0.00559999999999983,0.00599999999999978,0.0154000000000001,0.0180000000000002,0.0230000000000004,0.0156000000000005,0.0236000000000003,0.0298000000000002,0.0385999999999999,0.0426000000000002,0.0634
132,0,0.00099999999999989,0.000200000000000089,0.000599999999999934,0.00139999999999985,0.003,0.000999999999999779,0.000799999999999801,0.00480000000000014,0.00319999999999998,0.00620000000000009,0.0116000000000001,0.00340000000000007,0.00559999999999983,0.0099999999999999,0.0124000000000002,0.0202000000000001,0.0282000000000001,0.0129999999999997,0.0199999999999999,0.0282000000000001,0.0394000000000001,0.0484,0.0579999999999998
133,0,0.000599999999999934,0.000399999999999956,0.000600000000000045,0.00120000000000009,0.00320000000000009,0.000399999999999956,0.00099999999999989,0.00240000000000007,0.00380000000000014,0.00600000000000012,0.0124000000000002,0.00339999999999985,0.00579999999999981,0.00960000000000039,0.0108000000000003,0.0196000000000005,0.0238000000000003,0.0142000000000004,0.0216,0.0308000000000002,0.0380000000000003,0.0434,0.0674000000000001
134,0,0,0.000399999999999956,0.00199999999999989,0.00219999999999987,0.00219999999999987,0.000600000000000045,0.00139999999999996,0.00139999999999996,0.00259999999999994,0.00599999999999978,0.0108000000000003,0.00539999999999996,0.00560000000000016,0.00620000000000009,0.0130000000000001,0.0160000000000001,0.0284000000000003,0.0194000000000001,0.0246000000000002,0.0290000000000004,0.0354000000000003,0.0450000000000002,0.0633999999999999
135,0,0,0.000400000000000067,0.00199999999999989,0.00259999999999994,0.00379999999999991,0.00100000000000011,0.00199999999999989,0.00199999999999989,0.00340000000000007,0.00659999999999994,0.0072000000000001,0.00600000000000023,0.00680000000000003,0.00939999999999996,0.0130000000000006,0.0204000000000003,0.0260000000000001,0.0180000000000002,0.0256000000000004,0.0286000000000003,0.0400000000000001,0.0492,0.0634
136,0,0,0,0.00159999999999982,0.00180000000000002,0.00459999999999994,0.000599999999999934,0.000400000000000067,0.00119999999999976,0.00379999999999991,0.00680000000000036,0.00960000000000027,0.00379999999999969,0.00499999999999989,0.00800000000000023,0.00940000000000007,0.0190000000000002,0.0256000000000004,0.0170000000000003,0.0240000000000005,0.0296000000000001,0.0350000000000001,0.0481999999999999,0.0588
137,0,0,0,0.000800000000000023,0.00219999999999987,0.00419999999999998,0.000400000000000067,0.00119999999999987,0.00239999999999985,0.00319999999999998,0.00620000000000021,0.00879999999999992,0.0037999999999998,0.00600000000000012,0.00779999999999992,0.0109999999999999,0.0156000000000003,0.0272000000000001,0.0177999999999998,0.0222000000000001,0.0270000000000004,0.0346,0.0454000000000002,0.0629999999999997
138,0,0,0,0.000599999999999934,0.00119999999999987,0.00600000000000023,0.000199999999999978,0.00219999999999998,0.00180000000000002,0.00260000000000016,0.00679999999999992,0.0109999999999999,0.00439999999999985,0.00680000000000025,0.00880000000000025,0.014,0.0182000000000005,0.0246000000000001,0.0164,0.018,0.0274000000000001,0.0351999999999998,0.0456000000000003,0.0623999999999999
139,0,0,0,0.000799999999999801,0.00119999999999987,0.00159999999999993,0.000599999999999934,0.00179999999999991,0.00320000000000009,0.00399999999999989,0.00360000000000016,0.00879999999999992,0.00459999999999994,0.00639999999999985,0.0084000000000003,0.0108000000000001,0.0167999999999998,0.0219999999999998,0.0156000000000003,0.0236000000000004,0.0303999999999999,0.0414000000000003,0.046,0.0640000000000002
140,0,0,0,0,0.0012000000000002,0.00340000000000018,0.000199999999999978,0.00239999999999996,0.00279999999999991,0.00479999999999992,0.00640000000000029,0.00800000000000012,0.00399999999999989,0.00459999999999994,0.00879999999999992,0.0130000000000003,0.0138000000000001,0.0210000000000004,0.0160000000000002,0.0244000000000004,0.0307999999999998,0.0370000000000001,0.0509999999999999,0.0640000000000001
141,0,0,0,0.000400000000000067,0.00260000000000005,0.00199999999999989,0.000399999999999956,0.00100000000000011,0.00120000000000009,0.00439999999999996,0.00520000000000009,0.00879999999999992,0.00539999999999996,0.00599999999999989,0.00860000000000016,0.0122000000000003,0.0156000000000003,0.0234000000000001,0.0130000000000002,0.0150000000000005,0.0248000000000002,0.0296,0.0422000000000001,0.0583999999999999
142,0,0,0,0.000400000000000067,0.00100000000000011,0.00279999999999991,0.00139999999999996,0.002,0.00219999999999987,0.00460000000000027,0.00360000000000016,0.00800000000000012,0.00219999999999987,0.00520000000000009,0.00879999999999992,0.01,0.0160000000000001,0.0248000000000004,0.0172000000000001,0.0208000000000004,0.0234000000000001,0.0318000000000002,0.0419999999999999,0.0598000000000002
143,0,0,0,0.00100000000000011,0.00100000000000022,0.00340000000000007,0.000600000000000045,0.00159999999999993,0.00219999999999998,0.00419999999999987,0.00459999999999994,0.0132000000000002,0.00439999999999996,0.00459999999999983,0.00740000000000007,0.0104000000000002,0.0163999999999999,0.0239999999999999,0.0150000000000002,0.0172000000000004,0.0224000000000001,0.0340000000000003,0.0448,0.0579999999999999
144,0,0.000200000000000089,0,0.000800000000000023,0.000800000000000023,0.00339999999999985,0.00099999999999989,0.000599999999999934,0.00139999999999996,0.00279999999999991,0.00660000000000016,0.0118,0.00399999999999978,0.00280000000000014,0.00920000000000021,0.00959999999999983,0.0118,0.0234000000000002,0.0146000000000002,0.0222000000000001,0.0339999999999999,0.0340000000000004,0.0448,0.0581999999999999
145,0,0,0,0.00100000000000011,0.000599999999999934,0.00180000000000002,0.000799999999999801,0.00120000000000009,0.00239999999999996,0.00379999999999991,0.00540000000000007,0.00900000000000001,0.00459999999999994,0.00559999999999983,0.00939999999999974,0.01,0.0134000000000002,0.0222,0.0132000000000002,0.0226000000000005,0.0286000000000002,0.036,0.0448000000000002,0.0622
146,0,0,0.000199999999999978,0.00139999999999996,0.00239999999999996,0.00259999999999994,0.00119999999999987,0.00120000000000009,0.00219999999999998,0.00260000000000016,0.00300000000000022,0.00900000000000023,0.00460000000000005,0.00480000000000003,0.00679999999999992,0.00960000000000027,0.0140000000000002,0.0212000000000004,0.0176000000000006,0.0204000000000001,0.0276000000000002,0.0367999999999998,0.0426000000000001,0.0590000000000001
147,0,0,0,0.000600000000000045,0.000399999999999956,0.00319999999999998,0.000399999999999956,0.000800000000000023,0.00159999999999993,0.00439999999999996,0.00539999999999996,0.0110000000000003,0.003,0.00579999999999969,0.00940000000000007,0.0106000000000002,0.0166000000000003,0.0204000000000008,0.0174000000000005,0.0196000000000002,0.0262000000000004,0.0355999999999999,0.0402000000000002,0.0603999999999999
148,0,0,0,0.000599999999999934,0.000800000000000134,0.00339999999999974,0,0.00100000000000011,0.003,0.00519999999999998,0.00760000000000005,0.00900000000000023,0.00440000000000007,0.00520000000000009,0.00620000000000021,0.00880000000000014,0.0133999999999999,0.0228000000000002,0.0148,0.0234000000000002,0.0224000000000001,0.0330000000000001,0.0503999999999998,0.0609999999999999
149,0,0,0,0.000600000000000045,0.00099999999999989,0.00280000000000002,0.000399999999999956,0.000200000000000089,0.000800000000000134,0.00439999999999996,0.00559999999999983,0.00960000000000027,0.00299999999999978,0.00499999999999989,0.00620000000000032,0.00819999999999999,0.0158000000000003,0.0212000000000004,0.0147999999999997,0.0210000000000004,0.0276000000000003,0.0358000000000002,0.0416000000000001,0.0592
150,0,0,0,0,0.00220000000000009,0.00199999999999989,0.000199999999999978,0.000199999999999978,0.00179999999999991,0.00239999999999985,0.00639999999999985,0.01,0.00439999999999985,0.00560000000000005,0.00780000000000003,0.00960000000000027,0.0148000000000001,0.0230000000000002,0.0132000000000001,0.0200000000000006,0.0266000000000001,0.0314000000000001,0.0434,0.0547999999999997
151,0,0,0,0,0.00139999999999996,0.00219999999999998,0.00099999999999989,0.00099999999999989,0.00239999999999996,0.00260000000000005,0.00419999999999976,0.0109999999999999,0.00259999999999994,0.005,0.00799999999999979,0.00880000000000014,0.0136000000000003,0.0212000000000002,0.0106000000000003,0.0185999999999999,0.0220000000000001,0.0315999999999999,0.0394,0.0536
152,0,0,0,0.000399999999999956,0.000600000000000045,0.002,0.000600000000000045,0.000799999999999801,0.00199999999999989,0.00380000000000014,0.00580000000000025,0.0112000000000003,0.00599999999999989,0.00579999999999981,0.00720000000000032,0.0110000000000001,0.0142000000000003,0.0210000000000001,0.0170000000000003,0.0248000000000004,0.0288000000000003,0.0357999999999999,0.0472000000000001,0.0531999999999997
153,0,0,0,0,0.000800000000000023,0.00179999999999991,0.000600000000000045,0.000200000000000089,0.00139999999999996,0.00380000000000014,0.00459999999999994,0.00819999999999999,0.00380000000000025,0.00500000000000034,0.00819999999999999,0.0104000000000001,0.0137999999999998,0.0232000000000002,0.0182000000000003,0.0244000000000003,0.0272,0.0343999999999999,0.0408000000000002,0.0573999999999999
154,0,0,0,0.000199999999999978,0.000600000000000045,0.00119999999999987,0.000400000000000067,0.00119999999999987,0.00119999999999976,0.00259999999999994,0.00620000000000009,0.0104000000000001,0.00340000000000007,0.00280000000000025,0.00579999999999981,0.0108000000000001,0.0124000000000005,0.0244000000000003,0.0170000000000001,0.0212000000000004,0.0296000000000002,0.0352000000000003,0.0438000000000001,0.0597999999999999
155,0,0,0,0.000200000000000089,0.00199999999999989,0.00199999999999989,0.00099999999999989,0.00120000000000009,0.00139999999999996,0.00419999999999987,0.00360000000000005,0.0102000000000001,0.00439999999999985,0.00600000000000012,0.00620000000000009,0.0112000000000002,0.0162000000000002,0.0234000000000002,0.0176000000000006,0.0206000000000004,0.0298,0.0364000000000001,0.0478000000000001,0.0585999999999999
156,0,0,0,0.000800000000000023,0.00239999999999996,0.00180000000000002,0.000199999999999978,0.000399999999999956,0.00099999999999989,0.00360000000000016,0.00619999999999976,0.00919999999999987,0.00319999999999998,0.00480000000000014,0.00600000000000012,0.00840000000000019,0.0133999999999999,0.0236000000000003,0.0123999999999999,0.0160000000000001,0.0258000000000006,0.0320000000000001,0.0403999999999999,0.0559999999999999
157,0,0,0,0.000200000000000089,0.002,0.00240000000000007,0.000400000000000067,0.000600000000000045,0.00120000000000009,0.00159999999999993,0.00519999999999987,0.00919999999999987,0.00340000000000007,0.00379999999999991,0.00360000000000016,0.00900000000000001,0.0134000000000001,0.0184000000000004,0.0140000000000002,0.0208000000000006,0.0264000000000003,0.0322000000000002,0.0396000000000002,0.0497999999999998
158,0,0,0,0.000400000000000067,0.00120000000000009,0.00260000000000005,0.000399999999999956,0.00099999999999989,0.00220000000000009,0.00239999999999996,0.00560000000000005,0.00679999999999981,0.004,0.00580000000000003,0.00780000000000014,0.0108000000000003,0.0134000000000002,0.0264000000000003,0.0146000000000002,0.0168000000000004,0.0318000000000004,0.0384,0.0425999999999997,0.0623999999999997
159,0,0,0,0,0.00120000000000009,0.003,0,0.000200000000000089,0.003,0.00439999999999996,0.0047999999999998,0.00780000000000047,0.00439999999999996,0.00520000000000009,0.00859999999999994,0.00900000000000034,0.0134000000000002,0.0223999999999998,0.0130000000000008,0.0202000000000001,0.0258000000000006,0.0344000000000001,0.0452000000000001,0.0592
160,0,0,0,0.000399999999999956,0.00159999999999993,0.00340000000000018,0,0.000199999999999978,0.000600000000000045,0.003,0.00399999999999989,0.00900000000000001,0.00319999999999998,0.00419999999999998,0.00620000000000021,0.00919999999999999,0.0154,0.0274000000000004,0.0130000000000001,0.0220000000000005,0.0260000000000002,0.0297999999999999,0.0407999999999999,0.0599999999999998
161,0,0,0,0.000199999999999978,0.00139999999999973,0.00179999999999991,0.000600000000000045,0.00160000000000016,0.00119999999999987,0.00339999999999985,0.00379999999999991,0.00780000000000025,0.00319999999999998,0.00579999999999981,0.00879999999999992,0.0128,0.0176000000000003,0.0250000000000005,0.0156000000000005,0.0180000000000003,0.0272,0.0303999999999999,0.0390000000000004,0.0554000000000002
162,0,0,0,0.000399999999999956,0.003,0.00280000000000002,0.000599999999999934,0.00120000000000009,0.0037999999999998,0.00339999999999985,0.00339999999999985,0.0084000000000003,0.00480000000000003,0.00600000000000023,0.00919999999999987,0.00939999999999974,0.0134000000000001,0.0222000000000001,0.0172000000000003,0.0202000000000001,0.0281999999999998,0.0362000000000002,0.0483999999999999,0.0594000000000002
163,0,0.000199999999999978,0,0.000800000000000023,0.002,0.00399999999999989,0.00100000000000011,0.00120000000000009,0.00239999999999985,0.00280000000000002,0.00460000000000005,0.00979999999999992,0.00379999999999991,0.0042000000000002,0.00760000000000005,0.0106000000000001,0.015,0.0250000000000002,0.0124000000000002,0.0148000000000005,0.0210000000000001,0.0312000000000004,0.0438,0.0546
164,0,0.000199999999999978,0,0.000999999999999779,0.00259999999999994,0.00280000000000002,0.00139999999999985,0.000600000000000045,0.000599999999999934,0.003,0.00439999999999996,0.0102000000000001,0.00219999999999998,0.00580000000000014,0.00740000000000007,0.00880000000000025,0.0152000000000002,0.0208000000000002,0.0156000000000003,0.0210000000000004,0.0300000000000001,0.0324000000000004,0.0478000000000006,0.0556
165,0,0.000199999999999978,0,0,0.00219999999999987,0.00139999999999996,0.00099999999999989,0.000800000000000023,0.00180000000000002,0.00320000000000009,0.00559999999999972,0.01,0.00179999999999991,0.00459999999999994,0.00739999999999996,0.0102000000000002,0.0176000000000001,0.0204000000000005,0.0160000000000005,0.0218,0.0318000000000004,0.0314000000000001,0.0468,0.0559999999999999
166,0,0,0.000199999999999978,0.000200000000000089,0.00180000000000002,0.00239999999999996,0.00179999999999991,0.000799999999999801,0.00199999999999989,0.00280000000000002,0.00520000000000043,0.00760000000000016,0.004,0.00800000000000001,0.00600000000000012,0.00959999999999994,0.0135999999999999,0.0204000000000006,0.0148000000000001,0.0172000000000004,0.0248,0.0310000000000002,0.0386,0.0570000000000003
167,0,0,0,0,0.00099999999999989,0.00240000000000007,0.00100000000000011,0.000599999999999934,0.00240000000000007,0.00439999999999985,0.00560000000000005,0.00820000000000032,0.00380000000000014,0.00400000000000023,0.00800000000000012,0.0102,0.0120000000000001,0.0212000000000002,0.0146000000000002,0.0204000000000001,0.0248000000000004,0.0319999999999999,0.0398000000000005,0.0578000000000002
168,0,0,0,0.000199999999999978,0.000800000000000023,0.00319999999999976,0.000800000000000023,0.00120000000000009,0.00159999999999993,0.00359999999999983,0.005,0.00919999999999999,0.00399999999999989,0.00519999999999987,0.00580000000000003,0.0089999999999999,0.0132000000000003,0.0216000000000003,0.0124000000000004,0.0172000000000001,0.0224000000000001,0.0324000000000005,0.0451999999999999,0.0600000000000003
169,0,0,0,0.000200000000000089,0.00139999999999996,0.00359999999999983,0.00120000000000009,0.00140000000000018,0.00119999999999987,0.00319999999999998,0.00439999999999985,0.00840000000000007,0.00179999999999991,0.00439999999999996,0.0087999999999997,0.00760000000000005,0.0138000000000001,0.0228,0.0110000000000002,0.0170000000000001,0.0252000000000001,0.0272000000000006,0.0374000000000005,0.0492
170,0,0,0,0,0.00099999999999989,0.00259999999999994,0.000799999999999801,0.00120000000000009,0.00199999999999978,0.00399999999999989,0.00719999999999987,0.00960000000000027,0.00259999999999994,0.00500000000000012,0.0082000000000001,0.0108000000000001,0.0156000000000002,0.0190000000000002,0.0138000000000004,0.0178000000000001,0.0244000000000001,0.0280000000000002,0.0422,0.0505999999999998
171,0,0.000400000000000067,0,0.000400000000000067,0.000799999999999801,0.00320000000000009,0.000199999999999978,0.000599999999999934,0.00139999999999996,0.00379999999999991,0.00420000000000031,0.00820000000000021,0.002,0.00320000000000009,0.00739999999999996,0.00960000000000005,0.0140000000000003,0.0168000000000004,0.0108000000000003,0.0188000000000005,0.0230000000000002,0.034,0.0424,0.0519999999999999
172,0,0,0.000400000000000067,0.000800000000000023,0.000800000000000023,0.00319999999999998,0.00099999999999989,0.000800000000000134,0.00239999999999996,0.00280000000000002,0.00359999999999983,0.0115999999999999,0.00320000000000009,0.00680000000000025,0.00800000000000012,0.0134000000000001,0.0164,0.0226000000000003,0.0150000000000001,0.0212000000000004,0.0226000000000003,0.0304000000000001,0.0408000000000003,0.0549999999999997
173,0,0,0,0.000400000000000067,0.000800000000000023,0.00280000000000014,0.00159999999999993,0.000400000000000067,0.00120000000000009,0.00340000000000007,0.00540000000000007,0.0102,0.00279999999999991,0.00360000000000016,0.00760000000000016,0.0100000000000001,0.0122,0.0236000000000005,0.0144000000000003,0.0176000000000001,0.0232000000000002,0.029,0.0380000000000003,0.0544000000000001
174,0,0,0,0,0.000599999999999934,0.00239999999999996,0.000599999999999934,0.000800000000000023,0.00139999999999996,0.004,0.00399999999999989,0.00800000000000012,0.00260000000000005,0.00360000000000005,0.004,0.0094000000000003,0.0164,0.0172000000000001,0.0114,0.0180000000000001,0.0238000000000003,0.0287999999999998,0.0412,0.0535999999999998
175,0,0,0.000199999999999978,0.000599999999999934,0.00140000000000018,0.00240000000000007,0.000999999999999779,0.000199999999999978,0.00159999999999993,0.00199999999999989,0.00640000000000018,0.00800000000000001,0.00319999999999998,0.00419999999999976,0.00639999999999996,0.00819999999999976,0.0124000000000001,0.0186000000000003,0.0152000000000001,0.0166000000000003,0.0267999999999999,0.0306000000000003,0.0395999999999997,0.0505999999999998
176,0,0,0,0.0012000000000002,0.00099999999999989,0.00139999999999996,0.00120000000000009,0.000599999999999934,0.00140000000000018,0.00139999999999996,0.00259999999999971,0.0082000000000001,0.00319999999999998,0.00260000000000038,0.00620000000000021,0.00779999999999992,0.0120000000000003,0.0176000000000003,0.014,0.0164,0.0248000000000002,0.0278,0.0430000000000001,0.0525999999999999
177,0,0,0.000200000000000089,0.000399999999999956,0,0.00219999999999998,0,0.00100000000000011,0.00120000000000009,0.00160000000000016,0.0037999999999998,0.00739999999999952,0.00399999999999978,0.0037999999999998,0.00759999999999994,0.00940000000000007,0.0144,0.0226000000000002,0.0136000000000002,0.0180000000000002,0.0264000000000003,0.0328000000000002,0.0380000000000001,0.0509999999999999
178,0,0,0,0.00139999999999996,0.00119999999999976,0.00259999999999994,0.000200000000000089,0.00120000000000009,0.000600000000000045,0.00180000000000002,0.00400000000000023,0.00580000000000003,0.00340000000000018,0.00680000000000003,0.00620000000000009,0.00940000000000007,0.0110000000000003,0.0222000000000002,0.0155999999999998,0.0174000000000004,0.0294000000000001,0.0305999999999998,0.0432000000000002,0.0535999999999998
179,0,0,0,0.00259999999999971,0.00120000000000009,0.00220000000000009,0.000600000000000045,0.00100000000000011,0.00180000000000002,0.00399999999999989,0.00639999999999996,0.00840000000000019,0.00220000000000009,0.00379999999999991,0.00780000000000003,0.00840000000000019,0.0174000000000005,0.0172000000000003,0.0115999999999999,0.0188000000000001,0.023,0.0254000000000002,0.0374000000000001,0.0478000000000003
180,0,0,0,0.000799999999999801,0.00180000000000025,0.00139999999999996,0.00180000000000002,0.00159999999999993,0.00320000000000009,0.00280000000000002,0.00519999999999987,0.00700000000000012,0.00319999999999998,0.00400000000000034,0.00519999999999998,0.00580000000000003,0.0124000000000002,0.0220000000000004,0.0167999999999999,0.0218000000000004,0.0244000000000001,0.0368000000000002,0.0466000000000002,0.0561999999999999
181,0,0,0,0.00100000000000011,0.00159999999999993,0.00139999999999985,0.000800000000000023,0.00120000000000009,0.000800000000000134,0.00299999999999978,0.003,0.00539999999999996,0.00279999999999969,0.00639999999999996,0.00499999999999989,0.00900000000000023,0.0119999999999999,0.0178000000000003,0.0140000000000002,0.0166000000000005,0.0226000000000003,0.0334,0.0397999999999997,0.0490000000000002
182,0,0,0,0.00139999999999996,0.00119999999999987,0.00139999999999996,0.000599999999999934,0.00099999999999989,0.000800000000000023,0.00260000000000005,0.00320000000000009,0.00699999999999978,0.00220000000000009,0.005,0.00580000000000014,0.00679999999999981,0.0122000000000003,0.0186000000000002,0.0138000000000003,0.0174,0.0236000000000003,0.027,0.0424000000000003,0.0488000000000001
183,0,0,0,0.00099999999999989,0.00119999999999987,0.00239999999999985,0,0.00100000000000011,0.00180000000000002,0.00280000000000002,0.00460000000000027,0.00720000000000032,0.00319999999999998,0.00440000000000007,0.00799999999999979,0.00840000000000007,0.0118000000000005,0.0227999999999998,0.0132000000000002,0.0144000000000003,0.0256000000000002,0.0312,0.0433999999999998,0.0532
184,0,0,0.000199999999999978,0.000600000000000045,0.00159999999999982,0.00239999999999996,0.000199999999999978,0.000800000000000023,0.00240000000000007,0.003,0.00640000000000018,0.00779999999999992,0.00319999999999998,0.00460000000000005,0.00900000000000001,0.00920000000000032,0.0148000000000001,0.0202000000000002,0.0166000000000004,0.0204000000000002,0.0236000000000003,0.0364,0.0484000000000002,0.0538000000000003
185,0,0,0,0.000199999999999978,0.00239999999999996,0.00320000000000009,0,0.000600000000000045,0.00120000000000009,0.00239999999999985,0.00540000000000007,0.00979999999999992,0.00180000000000002,0.005,0.00680000000000003,0.00980000000000014,0.0126000000000004,0.0190000000000003,0.0125999999999999,0.0186000000000002,0.0238,0.0306000000000004,0.0420000000000001,0.0498000000000001
186,0,0,0,0.000200000000000089,0.00199999999999989,0.00439999999999996,0.000599999999999934,0.000399999999999956,0.00259999999999994,0.00300000000000011,0.00239999999999996,0.00760000000000016,0.00239999999999996,0.00540000000000007,0.00540000000000007,0.0109999999999998,0.0104000000000003,0.0200000000000002,0.0144000000000001,0.0218000000000005,0.0254000000000005,0.0294000000000001,0.0427999999999998,0.0546000000000001
187,0,0,0,0.000200000000000089,0.00139999999999996,0.00280000000000002,0,0.00139999999999996,0.00179999999999991,0.00340000000000007,0.00460000000000005,0.00900000000000023,0.00260000000000005,0.00479999999999992,0.00680000000000025,0.00720000000000032,0.0120000000000003,0.0206000000000002,0.01,0.0178,0.0210000000000004,0.0304000000000002,0.0360000000000005,0.05
188,0,0,0,0.000199999999999978,0.00259999999999971,0.00340000000000007,0.000399999999999956,0.000200000000000089,0.00240000000000007,0.00219999999999987,0.00680000000000003,0.00919999999999999,0.00280000000000002,0.00280000000000014,0.00560000000000005,0.00739999999999996,0.0128000000000003,0.0198,0.0134000000000001,0.0172000000000004,0.0254000000000005,0.0312000000000003,0.0394,0.0566
189,0,0,0,0,0.00239999999999996,0.00259999999999994,0.000599999999999934,0.000399999999999956,0.00179999999999991,0.00179999999999991,0.00480000000000014,0.00640000000000018,0.00480000000000014,0.00380000000000014,0.00660000000000016,0.0117999999999999,0.0128,0.0202000000000004,0.0120000000000001,0.0162000000000002,0.0202000000000001,0.0279999999999998,0.0397999999999997,0.056
190,0,0,0,0.000399999999999956,0.00340000000000007,0.00179999999999991,0.000400000000000067,0.000799999999999801,0.00179999999999991,0.00219999999999998,0.003,0.0089999999999999,0.002,0.00260000000000005,0.00379999999999991,0.00880000000000014,0.0136000000000002,0.0230000000000002,0.0138000000000001,0.0158000000000004,0.0222,0.0274000000000001,0.0363999999999998,0.0471999999999996
191,0,0,0,0.000199999999999978,0.00219999999999998,0.00179999999999991,0.00120000000000009,0.00139999999999996,0.00180000000000002,0.00239999999999996,0.005,0.00760000000000005,0.00239999999999985,0.00319999999999998,0.00700000000000001,0.00939999999999996,0.0138000000000005,0.0226000000000003,0.0130000000000001,0.0162000000000002,0.0193999999999999,0.0306000000000003,0.0398000000000002,0.0534
192,0,0,0,0,0.00239999999999996,0.00180000000000002,0.00139999999999996,0.00119999999999987,0.00299999999999978,0.00260000000000005,0.00480000000000003,0.00459999999999994,0.00219999999999987,0.00219999999999987,0.00539999999999996,0.0114000000000003,0.0140000000000002,0.0184000000000001,0.0130000000000001,0.0178,0.0208000000000002,0.0313999999999999,0.0378000000000002,0.0514
193,0,0,0,0.000400000000000067,0.00140000000000018,0.00279999999999991,0.00239999999999996,0.00260000000000016,0.004,0.00360000000000005,0.00560000000000005,0.00760000000000016,0.00239999999999996,0.00340000000000007,0.00580000000000003,0.0114000000000004,0.0154000000000001,0.0190000000000002,0.0138000000000004,0.0166000000000005,0.0226000000000006,0.0302000000000003,0.0426000000000001,0.0504000000000002
194,0,0,0,0.000400000000000067,0.00099999999999989,0.00340000000000007,0.00159999999999993,0.00120000000000009,0.002,0.00160000000000016,0.00580000000000003,0.00579999999999981,0.00159999999999993,0.00299999999999978,0.00580000000000003,0.0112000000000002,0.0117999999999998,0.0212,0.0094000000000003,0.0152000000000001,0.0200000000000002,0.0288,0.0386000000000002,0.0491999999999997
195,0,0,0,0.000200000000000089,0.000600000000000045,0.00319999999999998,0.00120000000000009,0.002,0.00179999999999991,0.00140000000000018,0.00619999999999987,0.0076000000000005,0.00240000000000007,0.00280000000000002,0.0037999999999998,0.00839999999999985,0.0122000000000003,0.0188000000000003,0.0102000000000002,0.0118,0.0184000000000003,0.0238000000000003,0.0324000000000004,0.0471999999999997
196,0,0,0,0.000200000000000089,0.002,0.00400000000000023,0.000399999999999956,0.000399999999999956,0.00159999999999993,0.00179999999999991,0.0047999999999998,0.00920000000000021,0.00320000000000009,0.00340000000000007,0.00560000000000005,0.00680000000000025,0.0124000000000001,0.0196000000000002,0.0116000000000003,0.0156000000000002,0.0238000000000004,0.0272000000000002,0.0348000000000001,0.0516000000000001
197,0,0,0,0.000199999999999978,0.00100000000000011,0.00279999999999991,0.000600000000000045,0.00179999999999991,0.00139999999999985,0.00160000000000016,0.00560000000000016,0.00780000000000025,0.00179999999999991,0.00419999999999987,0.00920000000000021,0.00899999999999979,0.0124000000000001,0.0180000000000002,0.0108000000000004,0.0168,0.0210000000000004,0.0306000000000003,0.0342000000000003,0.0486
198,0,0,0,0.000400000000000067,0.00100000000000011,0.00440000000000007,0,0.00159999999999993,0.00120000000000009,0.00179999999999991,0.00580000000000014,0.00839999999999985,0.00219999999999998,0.0047999999999998,0.00539999999999996,0.00880000000000014,0.0131999999999999,0.0167999999999999,0.0115999999999999,0.015,0.0224000000000001,0.0306000000000002,0.0367999999999998,0.0480000000000002
199,0,0,0,0.000399999999999956,0.000199999999999978,0.00360000000000005,0.00099999999999989,0.000599999999999934,0.003,0.00359999999999983,0.00519999999999998,0.0108,0.00199999999999989,0.00539999999999996,0.00679999999999992,0.00779999999999992,0.0114000000000004,0.0196000000000001,0.0106000000000003,0.0114,0.0165999999999999,0.0314,0.0377999999999997,0.0505999999999996
200,0,0,0,0.000400000000000067,0.000200000000000089,0.00360000000000005,0.000800000000000023,0.000399999999999956,0.00180000000000002,0.00239999999999985,0.00419999999999998,0.00620000000000021,0.00239999999999996,0.00579999999999981,0.00660000000000016,0.00920000000000032,0.0138000000000004,0.0226000000000003,0.0144000000000001,0.0162000000000002,0.0224000000000004,0.0279999999999998,0.0367999999999999,0.0516
