epoch,variable,value
1,0.01,0.408163265306123
2,0.01,0.134
3,0.01,0.0930000000000003
4,0.01,0.0764
5,0.01,0.0688000000000001
6,0.01,0.0584000000000002
7,0.01,0.0506000000000003
8,0.01,0.0444000000000001
9,0.01,0.0407999999999999
10,0.01,0.0377999999999997
11,0.01,0.0356000000000001
12,0.01,0.0342
13,0.01,0.0330000000000001
14,0.01,0.0326000000000001
15,0.01,0.0322
16,0.01,0.0322000000000002
17,0.01,0.0322
18,0.01,0.0332000000000001
19,0.01,0.0404000000000002
20,0.01,0.0334000000000002
21,0.01,0.0246000000000004
22,0.01,0.0226000000000001
23,0.01,0.0204000000000002
24,0.01,0.0190000000000005
25,0.01,0.0182000000000005
26,0.01,0.0176000000000003
27,0.01,0.0180000000000006
28,0.01,0.0180000000000007
29,0.01,0.0182000000000003
30,0.01,0.0180000000000003
31,0.01,0.0176000000000003
32,0.01,0.0162000000000002
33,0.01,0.0174000000000005
34,0.01,0.0162000000000004
35,0.01,0.0148000000000004
36,0.01,0.0140000000000005
37,0.01,0.0144000000000006
38,0.01,0.0160000000000005
39,0.01,0.0178000000000005
40,0.01,0.0198000000000004
41,0.01,0.0202000000000006
42,0.01,0.0230000000000002
43,0.01,0.0266000000000003
44,0.01,0.0350000000000003
45,0.01,0.0354000000000002
46,0.01,0.0270000000000001
47,0.01,0.0231999999999998
48,0.01,0.0192000000000001
49,0.01,0.0170000000000001
50,0.01,0.0158000000000004
51,0.01,0.0160000000000003
52,0.01,0.0134000000000002
53,0.01,0.0137999999999999
54,0.01,0.0135999999999999
55,0.01,0.0140000000000002
56,0.01,0.0128000000000001
57,0.01,0.0124000000000002
58,0.01,0.0128
59,0.01,0.0148000000000005
60,0.01,0.0148
61,0.01,0.0128
62,0.01,0.0133999999999999
63,0.01,0.0155999999999998
64,0.01,0.0164000000000004
65,0.01,0.0152000000000002
66,0.01,0.0178000000000003
67,0.01,0.0210000000000004
68,0.01,0.0216000000000003
69,0.01,0.0256000000000004
70,0.01,0.0288
71,0.01,0.0272000000000001
72,0.01,0.0260000000000004
73,0.01,0.0204000000000003
74,0.01,0.0154000000000002
75,0.01,0.0150000000000001
76,0.01,0.0130000000000001
77,0.01,0.0115999999999999
78,0.01,0.0114
79,0.01,0.0114
80,0.01,0.0112000000000001
81,0.01,0.0112000000000001
82,0.01,0.0108000000000001
83,0.01,0.0112000000000002
84,0.01,0.0116000000000001
85,0.01,0.0126000000000002
86,0.01,0.014
87,0.01,0.0160000000000001
88,0.01,0.0178000000000005
89,0.01,0.0222000000000001
90,0.01,0.0238000000000004
91,0.01,0.0284000000000002
92,0.01,0.0202000000000002
93,0.01,0.0192000000000003
94,0.01,0.0142000000000003
95,0.01,0.0114
96,0.01,0.0114
97,0.01,0.0116000000000001
98,0.01,0.01
99,0.01,0.0104000000000002
100,0.01,0.0108000000000003
101,0.01,0.0120000000000003
102,0.01,0.0134000000000002
103,0.01,0.0140000000000003
104,0.01,0.0148
105,0.01,0.0188000000000003
106,0.01,0.0234000000000006
107,0.01,0.0262000000000003
108,0.01,0.0282000000000001
109,0.01,0.0214000000000003
110,0.01,0.0152000000000001
111,0.01,0.0136000000000002
112,0.01,0.0120000000000001
113,0.01,0.0107999999999998
114,0.01,0.01
115,0.01,0.00980000000000003
116,0.01,0.00980000000000003
117,0.01,0.0106000000000001
118,0.01,0.0105999999999998
119,0.01,0.0105999999999998
120,0.01,0.0113999999999999
121,0.01,0.0116000000000001
122,0.01,0.0134000000000004
123,0.01,0.0172000000000004
124,0.01,0.0172000000000003
125,0.01,0.0210000000000004
126,0.01,0.0278000000000002
127,0.01,0.0276000000000002
128,0.01,0.0226000000000003
129,0.01,0.0178000000000003
130,0.01,0.0158
131,0.01,0.0140000000000002
132,0.01,0.0122000000000001
133,0.01,0.0104
134,0.01,0.0114
135,0.01,0.0102
136,0.01,0.0104
137,0.01,0.0102
138,0.01,0.00980000000000003
139,0.01,0.0100000000000001
140,0.01,0.0100000000000002
141,0.01,0.0108000000000004
142,0.01,0.0170000000000001
143,0.01,0.0228000000000002
144,0.01,0.0272000000000002
145,0.01,0.0232000000000006
146,0.01,0.0202
147,0.01,0.0172000000000001
148,0.01,0.0160000000000001
149,0.01,0.0146000000000002
150,0.01,0.0126000000000002
151,0.01,0.0110000000000001
152,0.01,0.0100000000000001
153,0.01,0.00920000000000021
154,0.01,0.01
155,0.01,0.00980000000000003
156,0.01,0.0104000000000002
157,0.01,0.00959999999999994
158,0.01,0.00960000000000005
159,0.01,0.0104
160,0.01,0.0106000000000001
161,0.01,0.0108
162,0.01,0.0118
163,0.01,0.0112000000000001
164,0.01,0.0118
165,0.01,0.0144000000000001
166,0.01,0.0198000000000002
167,0.01,0.0312000000000002
168,0.01,0.027
169,0.01,0.0204000000000001
170,0.01,0.0144000000000001
171,0.01,0.0134000000000001
172,0.01,0.0112000000000002
173,0.01,0.0102000000000001
174,0.01,0.0106000000000002
175,0.01,0.0104000000000001
176,0.01,0.00959999999999994
177,0.01,0.00959999999999983
178,0.01,0.00980000000000003
179,0.01,0.0100000000000002
180,0.01,0.00940000000000007
181,0.01,0.00940000000000007
182,0.01,0.0104000000000003
183,0.01,0.0140000000000003
184,0.01,0.0174000000000002
185,0.01,0.0238000000000004
186,0.01,0.0296000000000004
187,0.01,0.0264000000000002
188,0.01,0.0186000000000003
189,0.01,0.0148
190,0.01,0.0116000000000001
191,0.01,0.0106000000000002
192,0.01,0.0110000000000002
193,0.01,0.0109999999999999
194,0.01,0.0100000000000001
195,0.01,0.0102000000000002
196,0.01,0.0106000000000002
197,0.01,0.0106000000000001
198,0.01,0.0116000000000001
199,0.01,0.0128000000000001
200,0.01,0.0186000000000004
1,0.001,0.4
2,0.001,0.1224
3,0.001,0.0810000000000001
4,0.001,0.0589999999999999
5,0.001,0.0398000000000002
6,0.001,0.0330000000000001
7,0.001,0.0264000000000004
8,0.001,0.0279999999999998
9,0.001,0.0212000000000002
10,0.001,0.0188000000000001
11,0.001,0.0142000000000002
12,0.001,0.00980000000000003
13,0.001,0.003
14,0.001,0.00159999999999993
15,0.001,0.000400000000000067
16,0.001,0
17,0.001,0.000199999999999978
18,0.001,0
19,0.001,0
20,0.001,0
21,0.001,0
22,0.001,0
23,0.001,0
24,0.001,0
25,0.001,0
26,0.001,0
27,0.001,0
28,0.001,0
29,0.001,0
30,0.001,0
31,0.001,0
32,0.001,0
33,0.001,0
34,0.001,0
35,0.001,0
36,0.001,0
37,0.001,0
38,0.001,0
39,0.001,0
40,0.001,0
41,0.001,0
42,0.001,0
43,0.001,0
44,0.001,0
45,0.001,0
46,0.001,0
47,0.001,0
48,0.001,0
49,0.001,0
50,0.001,0
51,0.001,0
52,0.001,0
53,0.001,0
54,0.001,0
55,0.001,0
56,0.001,0
57,0.001,0
58,0.001,0
59,0.001,0
60,0.001,0
61,0.001,0
62,0.001,0
63,0.001,0
64,0.001,0
65,0.001,0
66,0.001,0
67,0.001,0
68,0.001,0
69,0.001,0
70,0.001,0
71,0.001,0
72,0.001,0
73,0.001,0
74,0.001,0
75,0.001,0
76,0.001,0
77,0.001,0
78,0.001,0
79,0.001,0
80,0.001,0
81,0.001,0
82,0.001,0
83,0.001,0
84,0.001,0
85,0.001,0
86,0.001,0
87,0.001,0
88,0.001,0
89,0.001,0
90,0.001,0
91,0.001,0
92,0.001,0
93,0.001,0
94,0.001,0
95,0.001,0
96,0.001,0
97,0.001,0
98,0.001,0
99,0.001,0
100,0.001,0
101,0.001,0
102,0.001,0
103,0.001,0
104,0.001,0
105,0.001,0
106,0.001,0
107,0.001,0
108,0.001,0
109,0.001,0
110,0.001,0
111,0.001,0
112,0.001,0
113,0.001,0
114,0.001,0
115,0.001,0
116,0.001,0
117,0.001,0
118,0.001,0
119,0.001,0
120,0.001,0
121,0.001,0
122,0.001,0
123,0.001,0
124,0.001,0
125,0.001,0
126,0.001,0
127,0.001,0
128,0.001,0
129,0.001,0
130,0.001,0
131,0.001,0
132,0.001,0
133,0.001,0
134,0.001,0
135,0.001,0
136,0.001,0
137,0.001,0
138,0.001,0
139,0.001,0
140,0.001,0
141,0.001,0
142,0.001,0
143,0.001,0
144,0.001,0
145,0.001,0
146,0.001,0
147,0.001,0
148,0.001,0
149,0.001,0
150,0.001,0
151,0.001,0
152,0.001,0
153,0.001,0
154,0.001,0
155,0.001,0
156,0.001,0
157,0.001,0
158,0.001,0
159,0.001,0
160,0.001,0
161,0.001,0
162,0.001,0
163,0.001,0
164,0.001,0
165,0.001,0
166,0.001,0
167,0.001,0
168,0.001,0
169,0.001,0
170,0.001,0
171,0.001,0
172,0.001,0
173,0.001,0
174,0.001,0
175,0.001,0
176,0.001,0
177,0.001,0
178,0.001,0
179,0.001,0
180,0.001,0
181,0.001,0
182,0.001,0
183,0.001,0
184,0.001,0
185,0.001,0
186,0.001,0
187,0.001,0
188,0.001,0
189,0.001,0
190,0.001,0
191,0.001,0
192,0.001,0
193,0.001,0
194,0.001,0
195,0.001,0
196,0.001,0
197,0.001,0
198,0.001,0
199,0.001,0
200,0.001,0
1,0.0001,0.400408163265306
2,0.0001,0.1212
3,0.0001,0.0799999999999998
4,0.0001,0.0561999999999999
5,0.0001,0.0388000000000001
6,0.0001,0.0346000000000002
7,0.0001,0.0274000000000001
8,0.0001,0.0246000000000001
9,0.0001,0.0187999999999998
10,0.0001,0.0145999999999998
11,0.0001,0.0108
12,0.0001,0.0042000000000002
13,0.0001,0.000399999999999956
14,0.0001,0.000399999999999956
15,0.0001,0.000199999999999978
16,0.0001,0.000200000000000089
17,0.0001,0.000800000000000134
18,0.0001,0.000399999999999956
19,0.0001,0
20,0.0001,0
21,0.0001,0
22,0.0001,0
23,0.0001,0
24,0.0001,0
25,0.0001,0
26,0.0001,0
27,0.0001,0
28,0.0001,0
29,0.0001,0
30,0.0001,0
31,0.0001,0
32,0.0001,0
33,0.0001,0
34,0.0001,0
35,0.0001,0
36,0.0001,0
37,0.0001,0
38,0.0001,0
39,0.0001,0
40,0.0001,0
41,0.0001,0
42,0.0001,0
43,0.0001,0
44,0.0001,0
45,0.0001,0
46,0.0001,0
47,0.0001,0
48,0.0001,0
49,0.0001,0
50,0.0001,0
51,0.0001,0
52,0.0001,0
53,0.0001,0
54,0.0001,0
55,0.0001,0
56,0.0001,0
57,0.0001,0
58,0.0001,0
59,0.0001,0
60,0.0001,0
61,0.0001,0
62,0.0001,0
63,0.0001,0
64,0.0001,0
65,0.0001,0
66,0.0001,0
67,0.0001,0
68,0.0001,0
69,0.0001,0
70,0.0001,0
71,0.0001,0
72,0.0001,0
73,0.0001,0
74,0.0001,0
75,0.0001,0
76,0.0001,0
77,0.0001,0
78,0.0001,0
79,0.0001,0
80,0.0001,0
81,0.0001,0
82,0.0001,0
83,0.0001,0
84,0.0001,0
85,0.0001,0
86,0.0001,0
87,0.0001,0
88,0.0001,0
89,0.0001,0
90,0.0001,0
91,0.0001,0
92,0.0001,0
93,0.0001,0
94,0.0001,0
95,0.0001,0
96,0.0001,0
97,0.0001,0
98,0.0001,0
99,0.0001,0
100,0.0001,0
101,0.0001,0
102,0.0001,0
103,0.0001,0
104,0.0001,0
105,0.0001,0
106,0.0001,0
107,0.0001,0
108,0.0001,0
109,0.0001,0
110,0.0001,0
111,0.0001,0
112,0.0001,0
113,0.0001,0
114,0.0001,0
115,0.0001,0
116,0.0001,0
117,0.0001,0
118,0.0001,0
119,0.0001,0
120,0.0001,0
121,0.0001,0
122,0.0001,0
123,0.0001,0
124,0.0001,0
125,0.0001,0
126,0.0001,0
127,0.0001,0
128,0.0001,0
129,0.0001,0
130,0.0001,0
131,0.0001,0
132,0.0001,0
133,0.0001,0
134,0.0001,0
135,0.0001,0
136,0.0001,0
137,0.0001,0
138,0.0001,0
139,0.0001,0
140,0.0001,0
141,0.0001,0
142,0.0001,0
143,0.0001,0
144,0.0001,0
145,0.0001,0
146,0.0001,0
147,0.0001,0
148,0.0001,0
149,0.0001,0
150,0.0001,0
151,0.0001,0
152,0.0001,0
153,0.0001,0
154,0.0001,0
155,0.0001,0
156,0.0001,0
157,0.0001,0
158,0.0001,0
159,0.0001,0
160,0.0001,0
161,0.0001,0
162,0.0001,0
163,0.0001,0
164,0.0001,0
165,0.0001,0
166,0.0001,0
167,0.0001,0
168,0.0001,0
169,0.0001,0
170,0.0001,0
171,0.0001,0
172,0.0001,0
173,0.0001,0
174,0.0001,0
175,0.0001,0
176,0.0001,0
177,0.0001,0
178,0.0001,0
179,0.0001,0
180,0.0001,0
181,0.0001,0
182,0.0001,0
183,0.0001,0
184,0.0001,0
185,0.0001,0
186,0.0001,0
187,0.0001,0
188,0.0001,0
189,0.0001,0
190,0.0001,0
191,0.0001,0
192,0.0001,0
193,0.0001,0
194,0.0001,0
195,0.0001,0
196,0.0001,0
197,0.0001,0
198,0.0001,0
199,0.0001,0
200,0.0001,0
1,0.00001,0.400204081632653
2,0.00001,0.1226
3,0.00001,0.0792
4,0.00001,0.0570000000000003
5,0.00001,0.0396
6,0.00001,0.0354000000000003
7,0.00001,0.0274000000000001
8,0.00001,0.025
9,0.00001,0.0198000000000002
10,0.00001,0.0131999999999998
11,0.00001,0.00979999999999992
12,0.00001,0.00319999999999976
13,0.00001,0.000399999999999956
14,0.00001,0.000399999999999956
15,0.00001,0.000199999999999978
16,0.00001,0.000199999999999978
17,0.00001,0
18,0.00001,0
19,0.00001,0
20,0.00001,0
21,0.00001,0
22,0.00001,0
23,0.00001,0
24,0.00001,0
25,0.00001,0
26,0.00001,0
27,0.00001,0
28,0.00001,0
29,0.00001,0
30,0.00001,0
31,0.00001,0
32,0.00001,0
33,0.00001,0
34,0.00001,0
35,0.00001,0
36,0.00001,0
37,0.00001,0
38,0.00001,0
39,0.00001,0
40,0.00001,0
41,0.00001,0
42,0.00001,0
43,0.00001,0
44,0.00001,0
45,0.00001,0
46,0.00001,0
47,0.00001,0
48,0.00001,0
49,0.00001,0
50,0.00001,0
51,0.00001,0
52,0.00001,0
53,0.00001,0
54,0.00001,0
55,0.00001,0
56,0.00001,0
57,0.00001,0
58,0.00001,0
59,0.00001,0
60,0.00001,0
61,0.00001,0
62,0.00001,0
63,0.00001,0
64,0.00001,0
65,0.00001,0
66,0.00001,0
67,0.00001,0
68,0.00001,0
69,0.00001,0
70,0.00001,0
71,0.00001,0
72,0.00001,0
73,0.00001,0
74,0.00001,0
75,0.00001,0
76,0.00001,0
77,0.00001,0
78,0.00001,0
79,0.00001,0
80,0.00001,0
81,0.00001,0
82,0.00001,0
83,0.00001,0
84,0.00001,0
85,0.00001,0
86,0.00001,0
87,0.00001,0
88,0.00001,0
89,0.00001,0
90,0.00001,0
91,0.00001,0
92,0.00001,0
93,0.00001,0
94,0.00001,0
95,0.00001,0
96,0.00001,0
97,0.00001,0
98,0.00001,0
99,0.00001,0
100,0.00001,0
101,0.00001,0
102,0.00001,0
103,0.00001,0
104,0.00001,0
105,0.00001,0
106,0.00001,0
107,0.00001,0
108,0.00001,0
109,0.00001,0
110,0.00001,0
111,0.00001,0
112,0.00001,0
113,0.00001,0
114,0.00001,0
115,0.00001,0
116,0.00001,0
117,0.00001,0
118,0.00001,0
119,0.00001,0
120,0.00001,0
121,0.00001,0
122,0.00001,0
123,0.00001,0
124,0.00001,0
125,0.00001,0
126,0.00001,0
127,0.00001,0
128,0.00001,0
129,0.00001,0
130,0.00001,0
131,0.00001,0
132,0.00001,0
133,0.00001,0
134,0.00001,0
135,0.00001,0
136,0.00001,0
137,0.00001,0
138,0.00001,0
139,0.00001,0
140,0.00001,0
141,0.00001,0
142,0.00001,0
143,0.00001,0
144,0.00001,0
145,0.00001,0
146,0.00001,0
147,0.00001,0
148,0.00001,0
149,0.00001,0
150,0.00001,0
151,0.00001,0
152,0.00001,0
153,0.00001,0
154,0.00001,0
155,0.00001,0
156,0.00001,0
157,0.00001,0
158,0.00001,0
159,0.00001,0
160,0.00001,0
161,0.00001,0
162,0.00001,0
163,0.00001,0
164,0.00001,0
165,0.00001,0
166,0.00001,0
167,0.00001,0
168,0.00001,0
169,0.00001,0
170,0.00001,0
171,0.00001,0
172,0.00001,0
173,0.00001,0
174,0.00001,0
175,0.00001,0
176,0.00001,0
177,0.00001,0
178,0.00001,0
179,0.00001,0
180,0.00001,0
181,0.00001,0
182,0.00001,0
183,0.00001,0
184,0.00001,0
185,0.00001,0
186,0.00001,0
187,0.00001,0
188,0.00001,0
189,0.00001,0
190,0.00001,0
191,0.00001,0
192,0.00001,0
193,0.00001,0
194,0.00001,0
195,0.00001,0
196,0.00001,0
197,0.00001,0
198,0.00001,0
199,0.00001,0
200,0.00001,0
1,0,0.400204081632653
2,0,0.1218
3,0,0.0795999999999999
4,0,0.0566000000000004
5,0,0.0394
6,0,0.0332000000000003
7,0,0.0264000000000004
8,0,0.0250000000000001
9,0,0.0207999999999998
10,0,0.0165999999999999
11,0,0.0113999999999999
12,0,0.00260000000000005
13,0,0.000799999999999801
14,0,0.000599999999999934
15,0,0.000199999999999978
16,0,0.000600000000000045
17,0,0.000600000000000045
18,0,0.000199999999999978
19,0,0
20,0,0
21,0,0
22,0,0
23,0,0
24,0,0
25,0,0
26,0,0
27,0,0
28,0,0
29,0,0
30,0,0
31,0,0
32,0,0
33,0,0
34,0,0
35,0,0
36,0,0
37,0,0
38,0,0
39,0,0
40,0,0
41,0,0
42,0,0
43,0,0
44,0,0
45,0,0
46,0,0
47,0,0
48,0,0
49,0,0
50,0,0
51,0,0
52,0,0
53,0,0
54,0,0
55,0,0
56,0,0
57,0,0
58,0,0
59,0,0
60,0,0
61,0,0
62,0,0
63,0,0
64,0,0
65,0,0
66,0,0
67,0,0
68,0,0
69,0,0
70,0,0
71,0,0
72,0,0
73,0,0
74,0,0
75,0,0
76,0,0
77,0,0
78,0,0
79,0,0
80,0,0
81,0,0
82,0,0
83,0,0
84,0,0
85,0,0
86,0,0
87,0,0
88,0,0
89,0,0
90,0,0
91,0,0
92,0,0
93,0,0
94,0,0
95,0,0
96,0,0
97,0,0
98,0,0
99,0,0
100,0,0
101,0,0
102,0,0
103,0,0
104,0,0
105,0,0
106,0,0
107,0,0
108,0,0
109,0,0
110,0,0
111,0,0
112,0,0
113,0,0
114,0,0
115,0,0
116,0,0
117,0,0
118,0,0
119,0,0
120,0,0
121,0,0
122,0,0
123,0,0
124,0,0
125,0,0
126,0,0
127,0,0
128,0,0
129,0,0
130,0,0
131,0,0
132,0,0
133,0,0
134,0,0
135,0,0
136,0,0
137,0,0
138,0,0
139,0,0
140,0,0
141,0,0
142,0,0
143,0,0
144,0,0
145,0,0
146,0,0
147,0,0
148,0,0
149,0,0
150,0,0
151,0,0
152,0,0
153,0,0
154,0,0
155,0,0
156,0,0
157,0,0
158,0,0
159,0,0
160,0,0
161,0,0
162,0,0
163,0,0
164,0,0
165,0,0
166,0,0
167,0,0
168,0,0
169,0,0
170,0,0
171,0,0
172,0,0
173,0,0
174,0,0
175,0,0
176,0,0
177,0,0
178,0,0
179,0,0
180,0,0
181,0,0
182,0,0
183,0,0
184,0,0
185,0,0
186,0,0
187,0,0
188,0,0
189,0,0
190,0,0
191,0,0
192,0,0
193,0,0
194,0,0
195,0,0
196,0,0
197,0,0
198,0,0
199,0,0
200,0,0
